[1,["d3c7820c-2a98-4429-8bc7-b8453bc9ac41","74a82b36-3faa-45aa-9812-57a4a910d9ac","1baf0fc9-befa-459c-8bdd-af1a450a0319","e8111b57-d1ca-43c7-ad2b-b9c38d95f1ad","c5f0f8b3-f4f4-496b-af70-93bc84ef5046@a9630","6c9158d1-15b8-463e-bc35-b2821946acad@ab65f","3c78a6f1-89e3-4750-afab-9e411746cbfd@6c48a","376c6fcf-f1e3-4952-98c3-d9fe1a4c5901@6c48a","83f22f4a-e661-420e-9d43-f855964e22d3@6c48a","1263d74c-8167-4928-91a6-4e2672411f47@2e76e","1263d74c-8167-4928-91a6-4e2672411f47@17020","1263d74c-8167-4928-91a6-4e2672411f47@a804a","1263d74c-8167-4928-91a6-4e2672411f47@40ece","34e8ac93-c6cb-47ce-ae7c-a35bbc4b716b@6c48a","abbee498-3c79-4f8d-b3b6-44922b4d1f62@6c48a","f76511d8-0a4d-4a75-b100-7e8065a70a1d@6c48a","f1e12cdf-e92e-4c48-853b-7626c459a656@6c48a","d92c050e-f543-44d9-a6a9-fd7f2be9a21a@a865e","2559f5d2-ebbc-4901-965e-47aae625e3a6","f924a3e1-43d6-40c5-bb9c-b47864e37c69@72704","6656e5e3-ac92-4d84-a5ea-24e1c39e1873@57e42","f7ac166d-b0dd-4b32-b0ec-a7895dc14c38@5ecd9","92515b6a-664d-4865-b0ef-61637a436f8b@96245","bb8388d8-bce9-45e6-82f3-78ec6cd1fed0@4cafd","95450835-05fc-427f-92ea-7da8ff20e3d2@cd579","f9603bb2-d2ff-4187-87af-dc939134b972@b6423","741ba668-2b4f-4960-af1b-b27a0137b5f3@b452c","a6500b5f-50c5-444c-b3e5-5f998b589ed0@b940a"],["_parent","node","target","source","_mesh","root","_effectAsset","asset","mainTexture","normalMap","pbrMap","_skeleton","scene","emissiveMap","data","_defaultClip"],[["cc.Node",["_name","_id","_objFlags","__editorExtras__","_parent","_prefab","_components","_lpos","_lrot","_euler","_children","_lscale"],-1,1,4,9,5,5,5,2,5],["cc.MeshRenderer",["_name","_shadowCastingMode","node","_materials","lightmapSettings","_mesh","__prefab"],1,1,3,4,6,4],["cc.Material",["_states","_defines","_techIdx","_props"],0,12],["cc.PrefabInfo",["fileId","targetOverrides","nestedPrefabInstanceRoots","root","instance","asset"],2,9,2,1,4,6],["cc.SphereLight",["_luminanceHDR","_luminanceLDR","_range","node","__prefab","_staticSettings","_color"],0,1,4,4,5],["cc.SpotLight",["_size","_luminanceHDR","_luminanceLDR","_range","_spotAngle","_shadowEnabled","_shadowPcf","_shadowBias","node","__prefab","_staticSettings","_color"],-5,1,4,4,5],["cc.Mesh",["_native","_hash","_struct"],1,11],["cc.Material",["_props","_defines"],1],["cc.SceneAsset",["_name"],2],["cc.Scene",["_children","_prefab","_globals"],3,2,4,4],["cc.PrefabInfo",["fileId","root","asset"],2,1,1],["cc.TargetOverrideInfo",["propertyPath","source","sourceInfo","target","targetInfo"],2,1,4,1,4],["cc.TargetInfo",["localID"],2],["cc.SceneGlobals",["ambient","shadows","_skybox","fog","octree"],3,4,4,4,4,4],["cc.AmbientInfo",["_skyIllumLDR","_skyColorHDR","_skyColorLDR"],2,5,5],["cc.ShadowsInfo",["_enabled","_type","_shadowColor"],1,5],["cc.SkyboxInfo",[],3],["cc.FogInfo",["_fogColor"],3,5],["cc.OctreeInfo",[],3],["cc.Node",["_name","_children","_prefab","_lpos","_lrot","_euler"],2,12,4,5,5,5],["cc.Node",["_name","_parent","_children","_prefab","_lpos","_lrot","_euler"],2,1,9,4,5,5,5],["cc.PrefabInstance",["fileId","prefabRootNode","propertyOverrides"],1,9],["CCPropertyOverrideInfo",["propertyPath","targetInfo","value"],2,4,8],["CCPropertyOverrideInfo",["value","propertyPath","targetInfo"],1,4],["CCPropertyOverrideInfo",["propertyPath","targetInfo","value"],2,4,4],["cc.ModelLightmapSettings",[],3],["cc.DirectionalLight",["_shadowEnabled","_shadowPcf","_shadowBias","_shadowSaturation","_shadowFixedArea","_shadowNear","_shadowFar","node","_staticSettings"],-4,1,4],["cc.StaticLightSettings",[],3],["cc.Camera",["_visibility","node"],2,1],["cc.CompPrefabInfo",["fileId"],2],["cc.Skeleton",["_name","_hash","_joints","_bindposes"],0,12],["cc.Prefab",["_name"],2],["cc.SkeletalAnimation",["playOnLoad","_useBakedAnimation","node","__prefab","_clips","_defaultClip"],1,1,4,3,6],["cc.SkinnedMeshRenderer",["node","__prefab","_materials","lightmapSettings","_skinningRoot","_mesh","_skeleton"],3,1,4,3,4,1,6,6]],[[10,0,1,2,2],[12,0,2],[0,0,4,10,5,7,8,9,2],[23,0,1,2,3],[0,0,4,5,7,8,9,2],[20,0,1,2,3,4,5,6,2],[25,1],[29,0,2],[22,0,1,2,2],[27,1],[11,0,1,2,3,4,2],[0,0,1,4,6,7,3],[24,0,1,2,2],[6,0,1,2,3],[0,0,1,4,6,7,8,9,3],[3,0,3,4,5,2],[0,2,3,4,5,3],[0,0,10,5,7,8,9,2],[21,0,1,2,3],[4,0,1,2,3,4,6,5,4],[0,0,4,6,5,2],[1,0,1,2,6,3,4,5,3],[5,0,1,2,3,4,5,6,7,8,9,11,10,9],[33,0,1,2,3,4,5,6,1],[2,2,0,1,3,4],[2,0,1,3,3],[7,0,1,3],[8,0,2],[9,0,1,2,1],[3,1,2,1],[13,0,1,2,3,4,1],[14,0,1,2,2],[15,0,1,2,3],[16,1],[17,0,1],[18,1],[0,0,1,4,6,3],[0,0,1,4,6,7,11,3],[0,0,10,6,5,2],[0,0,4,10,5,8,9,2],[19,0,1,2,3,4,5,2],[26,0,1,2,3,4,5,6,7,8,8],[28,0,1,2],[1,0,2,3,4,5,2],[1,0,1,2,3,4,5,3],[4,0,1,2,3,4,5,4],[5,0,1,2,3,4,5,6,7,8,9,10,9],[30,0,1,2,3,4],[31,0,2],[32,0,1,2,3,4,5,3]],[[[[13,".bin",3429205708,[{"primitives":[{"primitiveMode":7,"vertexBundelIndices":[0],"indexView":{"offset":72464,"length":28560,"count":7140,"stride":4}}],"vertexBundles":[{"view":{"offset":0,"length":72464,"count":1294,"stride":56},"attributes":[{"name":"a_position","format":32,"isNormalized":false},{"name":"a_normal","format":32,"isNormalized":false},{"name":"a_texCoord","format":21,"isNormalized":false},{"name":"a_tangent","format":44,"isNormalized":false},{"name":"a_texCoord1","format":21,"isNormalized":false}]}]},"minPosition",8,[1,-0.49748557806015015,-0.5,-0.4989933371543884],"maxPosition",8,[1,0.49949654936790466,0.5,0.49899348616600037]]],-1],0,0,[],[],[]],[[[13,".bin",3219909449,[{"primitives":[{"primitiveMode":7,"vertexBundelIndices":[0],"indexView":{"offset":6776,"length":2400,"count":600,"stride":4}}],"vertexBundles":[{"view":{"offset":0,"length":6776,"count":121,"stride":56},"attributes":[{"name":"a_position","format":32,"isNormalized":false},{"name":"a_normal","format":32,"isNormalized":false},{"name":"a_texCoord","format":21,"isNormalized":false},{"name":"a_tangent","format":44,"isNormalized":false},{"name":"a_texCoord1","format":21,"isNormalized":false}]}]},"minPosition",8,[1,-5,0,-5],"maxPosition",8,[1,5,0,5]]],-1],0,0,[],[],[]],[[[13,".bin",1338612902,[{"primitives":[{"primitiveMode":7,"vertexBundelIndices":[0],"indexView":{"offset":72632,"length":24576,"count":6144,"stride":4}}],"vertexBundles":[{"view":{"offset":0,"length":72632,"count":1297,"stride":56},"attributes":[{"name":"a_position","format":32,"isNormalized":false},{"name":"a_normal","format":32,"isNormalized":false},{"name":"a_texCoord","format":21,"isNormalized":false},{"name":"a_tangent","format":44,"isNormalized":false},{"name":"a_texCoord1","format":21,"isNormalized":false}]}]},"minPosition",8,[1,-0.5,-0.10000000149011612,-0.5],"maxPosition",8,[1,0.5,0.10000000149011612,0.5]]],-1],0,0,[],[],[]],[[[24,"1",[{"rasterizerState":{},"depthStencilState":{},"blendState":{"targets":[{}]}},{},{}],[{"USE_NORMAL_MAP":true,"USE_ALBEDO_MAP":true,"USE_PBR_MAP":true},{},{}],[[[{},"mainTexture",6,0,"normalMap",6,1,"pbrMap",6,2],{},{}],11,0,0]]],0,0,[0,0,0,0],[8,9,10,6],[6,7,8,2]],[[[27,"shadowMap"],[28,[-16,-17,-18,-19,-20,-21,-22,-23,-24,-25,-26,-27,-28,-29,-30,-31],[29,[[10,["_skinningRoot"],-5,[1,["5aYg+Mab9OFZ+Ex52C/eMv"]],-4,[1,["65P0UR5KpFbJAFBGFI+i+p"]]],[10,["_skinningRoot"],-7,[1,["5aYg+Mab9OFZ+Ex52C/eMv"]],-6,[1,["65P0UR5KpFbJAFBGFI+i+p"]]],[10,["_skinningRoot"],-9,[1,["5aYg+Mab9OFZ+Ex52C/eMv"]],-8,[1,["65P0UR5KpFbJAFBGFI+i+p"]]],[10,["_skinningRoot"],-11,[1,["5aYg+Mab9OFZ+Ex52C/eMv"]],-10,[1,["65P0UR5KpFbJAFBGFI+i+p"]]],[10,["_skinningRoot"],-13,[1,["5aYg+Mab9OFZ+Ex52C/eMv"]],-12,[1,["65P0UR5KpFbJAFBGFI+i+p"]]],[10,["_skinningRoot"],-15,[1,["5aYg+Mab9OFZ+Ex52C/eMv"]],-14,[1,["65P0UR5KpFbJAFBGFI+i+p"]]]],[-1,-2,-3]],[30,[31,0.78125,[2,0.2,0.5019607843137255,0.8,0.520833125],[2,0.2,0.5019607843137255,0.8,0.520833125]],[32,true,1,[4,2852126720]],[33],[34,[4,4292993505]],[35]]],[16,0,null,1,[15,"65P0UR5KpFbJAFBGFI+i+p",-32,[18,"00/nxDD8hCfIKYzgh3OaOc",null,[[8,["position"],[1,["65P0UR5KpFbJAFBGFI+i+p"]],[1,-3.65,0,2.961]],[8,["scale"],[1,["65P0UR5KpFbJAFBGFI+i+p"]],[1,0.5,0.5,0.5]],[3,"Cocos_1",["_name"],[1,["65P0UR5KpFbJAFBGFI+i+p"]]],[12,["lightmapSettings"],[1,["7aBW7mxINI/ovu4YkPp5Xd"]],[6]],[3,1,["_shadowCastingMode"],[1,["7aBW7mxINI/ovu4YkPp5Xd"]]],[3,1,["_shadowReceivingMode"],[1,["7aBW7mxINI/ovu4YkPp5Xd"]]],[12,["lightmapSettings"],[1,["d54RVDRIJL0LJ9aiTQlEys"]],[6]],[3,1,["_shadowCastingMode"],[1,["d54RVDRIJL0LJ9aiTQlEys"]]],[3,1,["_shadowReceivingMode"],[1,["d54RVDRIJL0LJ9aiTQlEys"]]]]],6]],[16,0,null,1,[15,"65P0UR5KpFbJAFBGFI+i+p",-33,[18,"88c12gHV5JcZIf7jDDlHjZ",null,[[8,["position"],[1,["65P0UR5KpFbJAFBGFI+i+p"]],[1,-0.546,0,2.764]],[8,["rotation"],[1,["65P0UR5KpFbJAFBGFI+i+p"]],[3,0,-0.7071067811865475,0,0.7071067811865476]],[8,["scale"],[1,["65P0UR5KpFbJAFBGFI+i+p"]],[1,0.35,0.35,0.35]],[3,"Cocos_2",["_name"],[1,["65P0UR5KpFbJAFBGFI+i+p"]]],[12,["lightmapSettings"],[1,["7aBW7mxINI/ovu4YkPp5Xd"]],[6]],[3,1,["_shadowCastingMode"],[1,["7aBW7mxINI/ovu4YkPp5Xd"]]],[3,1,["_shadowReceivingMode"],[1,["7aBW7mxINI/ovu4YkPp5Xd"]]],[12,["lightmapSettings"],[1,["d54RVDRIJL0LJ9aiTQlEys"]],[6]],[3,1,["_shadowCastingMode"],[1,["d54RVDRIJL0LJ9aiTQlEys"]]],[3,1,["_shadowReceivingMode"],[1,["d54RVDRIJL0LJ9aiTQlEys"]]]]],9]],[16,0,null,1,[15,"65P0UR5KpFbJAFBGFI+i+p",-34,[18,"0aYlEnqv1ERKHxMtmrIPMT",null,[[8,["position"],[1,["65P0UR5KpFbJAFBGFI+i+p"]],[1,2.938,0,3.62]],[8,["rotation"],[1,["65P0UR5KpFbJAFBGFI+i+p"]],[3,0,1,0,6.123233995736766e-17]],[8,["scale"],[1,["65P0UR5KpFbJAFBGFI+i+p"]],[1,0.65,0.65,0.65]],[3,"Cocos_3",["_name"],[1,["65P0UR5KpFbJAFBGFI+i+p"]]],[12,["lightmapSettings"],[1,["7aBW7mxINI/ovu4YkPp5Xd"]],[6]],[3,1,["_shadowCastingMode"],[1,["7aBW7mxINI/ovu4YkPp5Xd"]]],[3,1,["_shadowReceivingMode"],[1,["7aBW7mxINI/ovu4YkPp5Xd"]]],[12,["lightmapSettings"],[1,["d54RVDRIJL0LJ9aiTQlEys"]],[6]],[3,1,["_shadowCastingMode"],[1,["d54RVDRIJL0LJ9aiTQlEys"]]],[3,1,["_shadowReceivingMode"],[1,["d54RVDRIJL0LJ9aiTQlEys"]]]]],10]],[14,"Main Light","c0y6F5f+pAvI805TdmxIjx",1,[[41,true,1,0.01,0.6666666666666666,true,1,50,-35,[9]]],[1,-10.05,14.58,17.42],[3,-0.29045949785607994,-0.2468401104907439,-0.07782838788448602,0.9212198336973718],[1,-35,-30,0]],[14,"Main Camera","c9DMICJLFO5IeO07EPon7U",1,[[42,1820327937,-36]],[1,-10.707,9.246,-10.387],[3,-0.11507512748638377,-0.8811195706053617,-0.27781593346944056,0.3649716762170988],[1,-35,-135,0]],[36,"Plane","ed36AGSkpDLq1cA3sawvcm",1,[[43,"Plane<MeshRenderer>",-37,[0],[6],1]]],[37,"Sphere","f4sLDsLRRD+7MZxTIDj9vj",1,[[44,"Sphere<MeshRenderer>",1,-38,[2],[6],3]],[1,-2.486,1,0.995],[1,2,2,2]],[11,"Cube","eewWMJWudL/oZGy4OEoB1q",1,[[21,"Cube<MeshRenderer>",1,-39,[7,"d0rXbtTy5NXZo3aSZV8hb9"],[4],[6],5]],[1,-3.613,0.5,-2.009]],[11,"Torus","26/QN95/ZHSoIMs7g5XfE1",1,[[21,"Torus<MeshRenderer>",1,-40,[7,"96iA3WPA5I05IZoDQaGnl+"],[7],[6],8]],[1,0.752,0.385,-3.059]],[11,"Sphere Light","c6dFBoek5N0J5me3dXtIFE",1,[[45,6012.514993802048,1565.7591129692833,3,-41,[7,"eaAz8JDTtEP48Qp0hJTlnB"],[9]]],[1,0,2.605,0.928]],[14,"Spot Light","e0D0n+pddMe7zuBbMtk35m",1,[[22,0.1,795.7740432973297,207.2328237753463,20,30,true,1,0.01,-42,[7,"f6WR1VoVRJMbZRQZTxz0MA"],[4,4280032475],[9]]],[1,-0.633,0.427,3.087],[3,-0.09229595564125725,0.7010573846499778,0.09229595564125724,0.7010573846499779],[1,-15,90,0]],[14,"Spot Light-001","85CTGxc9xIB637lGlDmX1D",1,[[22,0.3,5305.160288648865,1381.5521585023089,20,30,true,1,0.01,-43,[7,"06q86yKLdD0ZVXeZziz8nM"],[4,4293972011],[9]]],[1,3.187,2.606,6.578],[3,-0.25881904510252074,0,0,0.9659258262890683],[1,-30,0,0]],[11,"Sphere Light-001","a30WhugT1OgZXvgGNPX4Vn",1,[[19,6012.514993802048,1565.7591129692833,2,-44,[7,"fdaw74t0pPFaM/CV3EXGId"],[4,4294902015],[9]]],[1,3.33,1.8,-0.998]],[11,"Sphere Light-002","d3Xq4mLK1GObiv/m0WYct+",1,[[19,6012.514993802048,1565.7591129692833,2,-45,[7,"a3PbHjZtlA+Zv3TCwfkEvM"],[4,4294967040],[9]]],[1,3.33,1.8,-2.732]],[11,"Sphere Light-003","61PHwGac1BUrvWqu5/5I7b",1,[[19,6012.514993802048,1565.7591129692833,2,-46,[7,"2eWuxtj+FDir+21TLEHZ0s"],[4,4278255615],[9]]],[1,3.33,1.8,-4.28]],[14,"Spot Light-002","1bgR2XvDZBu7mb4KJ7qhHH",1,[[46,0.3,2652.5801443244327,690.7760792511544,20,30,true,1,0.01,-47,[7,"aain7NDOxMorSnr1DSKdBt"],[9]]],[1,-0.663,1.729,5.835],[3,-0.3007057995042731,0,0,0.9537169507482269],[1,-35,0,0]]],0,[0,-1,2,0,-2,3,0,-3,4,0,2,2,0,3,2,0,2,2,0,3,2,0,2,3,0,3,3,0,2,3,0,3,3,0,2,4,0,3,4,0,2,4,0,3,4,0,-1,5,0,-2,6,0,-3,7,0,-4,8,0,-5,9,0,-6,2,0,-7,10,0,-8,11,0,-9,3,0,-10,12,0,-11,4,0,-12,13,0,-13,14,0,-14,15,0,-15,16,0,-16,17,0,5,2,0,5,3,0,5,4,0,1,5,0,1,6,0,1,7,0,1,8,0,1,9,0,1,10,0,1,11,0,1,12,0,1,13,0,1,14,0,1,15,0,1,16,0,1,17,0,12,1,47],[0,0,0,0,0,0,0,0,0,0,0],[-1,4,-1,4,-1,4,7,-1,4,7,7],[0,9,0,10,0,11,3,0,12,3,3]],[[[25,[{"rasterizerState":{},"depthStencilState":{},"blendState":{"targets":[{}]}},{},{},{}],[{"USE_NORMAL_MAP":true,"USE_ALBEDO_MAP":true,"USE_PBR_MAP":true,"USE_EMISSIVE_MAP":true},{},{},{}],[[[{},"emissive",8,[4,4294967295],"mainTexture",6,0,"normalMap",6,1,"pbrMap",6,2,"emissiveMap",6,3],{},{},{}],11,0,0,0]]],0,0,[0,0,0,0,0],[8,9,10,13,6],[13,14,15,16,2]],[[[47,"cocos_skel",2489756589,["Bip002","Bip002/Bip002 Pelvis","Bip002/Bip002 Pelvis/Bip002 Spine","Bip002/Bip002 Pelvis/Bip002 Spine/Bip002 Spine1","Bip002/Bip002 Pelvis/Bip002 Spine/Bip002 Spine1/Bip002 Neck","Bip002/Bip002 Pelvis/Bip002 Spine/Bip002 Spine1/Bip002 Neck/Bip002 L Clavicle","Bip002/Bip002 Pelvis/Bip002 Spine/Bip002 Spine1/Bip002 Neck/Bip002 L Clavicle/Bip002 L UpperArm","Bip002/Bip002 Pelvis/Bip002 Spine/Bip002 Spine1/Bip002 Neck/Bip002 L Clavicle/Bip002 L UpperArm/Bip002 L Forearm","Bip002/Bip002 Pelvis/Bip002 Spine/Bip002 Spine1/Bip002 Neck/Bip002 L Clavicle/Bip002 L UpperArm/Bip002 L Forearm/Bip002 L Hand","Bip002/Bip002 Pelvis/Bip002 Spine/Bip002 Spine1/Bip002 Neck/Bip002 L Clavicle/Bip002 L UpperArm/Bip002 L Forearm/Bip002 L Hand/Bip002 L Finger0","Bip002/Bip002 Pelvis/Bip002 Spine/Bip002 Spine1/Bip002 Neck/Bip002 L Clavicle/Bip002 L UpperArm/Bip002 L Forearm/Bip002 L Hand/Bip002 L Finger0/Bip002 L Finger01","Bip002/Bip002 Pelvis/Bip002 Spine/Bip002 Spine1/Bip002 Neck/Bip002 L Clavicle/Bip002 L UpperArm/Bip002 L Forearm/Bip002 L Hand/Bip002 L Finger0/Bip002 L Finger01/Bip002 L Finger02","Bip002/Bip002 Pelvis/Bip002 Spine/Bip002 Spine1/Bip002 Neck/Bip002 L Clavicle/Bip002 L UpperArm/Bip002 L Forearm/Bip002 L Hand/Bip002 L Finger1","Bip002/Bip002 Pelvis/Bip002 Spine/Bip002 Spine1/Bip002 Neck/Bip002 L Clavicle/Bip002 L UpperArm/Bip002 L Forearm/Bip002 L Hand/Bip002 L Finger1/Bip002 L Finger11","Bip002/Bip002 Pelvis/Bip002 Spine/Bip002 Spine1/Bip002 Neck/Bip002 L Clavicle/Bip002 L UpperArm/Bip002 L Forearm/Bip002 L Hand/Bip002 L Finger1/Bip002 L Finger11/Bip002 L Finger12","Bip002/Bip002 Pelvis/Bip002 Spine/Bip002 Spine1/Bip002 Neck/Bip002 L Clavicle/Bip002 L UpperArm/Bip002 L Forearm/Bip002 L Hand/Bip002 L Finger2","Bip002/Bip002 Pelvis/Bip002 Spine/Bip002 Spine1/Bip002 Neck/Bip002 L Clavicle/Bip002 L UpperArm/Bip002 L Forearm/Bip002 L Hand/Bip002 L Finger2/Bip002 L Finger21","Bip002/Bip002 Pelvis/Bip002 Spine/Bip002 Spine1/Bip002 Neck/Bip002 L Clavicle/Bip002 L UpperArm/Bip002 L Forearm/Bip002 L Hand/Bip002 L Finger2/Bip002 L Finger21/Bip002 L Finger22","Bip002/Bip002 Pelvis/Bip002 Spine/Bip002 Spine1/Bip002 Neck/Bip002 L Clavicle/Bip002 L UpperArm/Bip002 L Forearm/Bip002 L Hand/Bip002 L Finger3","Bip002/Bip002 Pelvis/Bip002 Spine/Bip002 Spine1/Bip002 Neck/Bip002 L Clavicle/Bip002 L UpperArm/Bip002 L Forearm/Bip002 L Hand/Bip002 L Finger3/Bip002 L Finger31","Bip002/Bip002 Pelvis/Bip002 Spine/Bip002 Spine1/Bip002 Neck/Bip002 L Clavicle/Bip002 L UpperArm/Bip002 L Forearm/Bip002 L Hand/Bip002 L Finger3/Bip002 L Finger31/Bip002 L Finger32","Bip002/Bip002 Pelvis/Bip002 Spine/Bip002 Spine1/Bip002 Neck/Bip002 L Clavicle/Bip002 L UpperArm/Bip002 L Forearm/Bip002 L Hand/Bip002 L Finger4","Bip002/Bip002 Pelvis/Bip002 Spine/Bip002 Spine1/Bip002 Neck/Bip002 L Clavicle/Bip002 L UpperArm/Bip002 L Forearm/Bip002 L Hand/Bip002 L Finger4/Bip002 L Finger41","Bip002/Bip002 Pelvis/Bip002 Spine/Bip002 Spine1/Bip002 Neck/Bip002 L Clavicle/Bip002 L UpperArm/Bip002 L Forearm/Bip002 L Hand/Bip002 L Finger4/Bip002 L Finger41/Bip002 L Finger42","Bip002/Bip002 Pelvis/Bip002 Spine/Bip002 Spine1/Bip002 Neck/Bip002 R Clavicle","Bip002/Bip002 Pelvis/Bip002 Spine/Bip002 Spine1/Bip002 Neck/Bip002 R Clavicle/Bip002 R UpperArm","Bip002/Bip002 Pelvis/Bip002 Spine/Bip002 Spine1/Bip002 Neck/Bip002 R Clavicle/Bip002 R UpperArm/Bip002 R Forearm","Bip002/Bip002 Pelvis/Bip002 Spine/Bip002 Spine1/Bip002 Neck/Bip002 R Clavicle/Bip002 R UpperArm/Bip002 R Forearm/Bip002 R Hand","Bip002/Bip002 Pelvis/Bip002 Spine/Bip002 Spine1/Bip002 Neck/Bip002 R Clavicle/Bip002 R UpperArm/Bip002 R Forearm/Bip002 R Hand/Bip002 R Finger0","Bip002/Bip002 Pelvis/Bip002 Spine/Bip002 Spine1/Bip002 Neck/Bip002 R Clavicle/Bip002 R UpperArm/Bip002 R Forearm/Bip002 R Hand/Bip002 R Finger0/Bip002 R Finger01","Bip002/Bip002 Pelvis/Bip002 Spine/Bip002 Spine1/Bip002 Neck/Bip002 R Clavicle/Bip002 R UpperArm/Bip002 R Forearm/Bip002 R Hand/Bip002 R Finger0/Bip002 R Finger01/Bip002 R Finger02","Bip002/Bip002 Pelvis/Bip002 Spine/Bip002 Spine1/Bip002 Neck/Bip002 R Clavicle/Bip002 R UpperArm/Bip002 R Forearm/Bip002 R Hand/Bip002 R Finger1","Bip002/Bip002 Pelvis/Bip002 Spine/Bip002 Spine1/Bip002 Neck/Bip002 R Clavicle/Bip002 R UpperArm/Bip002 R Forearm/Bip002 R Hand/Bip002 R Finger1/Bip002 R Finger11","Bip002/Bip002 Pelvis/Bip002 Spine/Bip002 Spine1/Bip002 Neck/Bip002 R Clavicle/Bip002 R UpperArm/Bip002 R Forearm/Bip002 R Hand/Bip002 R Finger1/Bip002 R Finger11/Bip002 R Finger12","Bip002/Bip002 Pelvis/Bip002 Spine/Bip002 Spine1/Bip002 Neck/Bip002 R Clavicle/Bip002 R UpperArm/Bip002 R Forearm/Bip002 R Hand/Bip002 R Finger2","Bip002/Bip002 Pelvis/Bip002 Spine/Bip002 Spine1/Bip002 Neck/Bip002 R Clavicle/Bip002 R UpperArm/Bip002 R Forearm/Bip002 R Hand/Bip002 R Finger2/Bip002 R Finger21","Bip002/Bip002 Pelvis/Bip002 Spine/Bip002 Spine1/Bip002 Neck/Bip002 R Clavicle/Bip002 R UpperArm/Bip002 R Forearm/Bip002 R Hand/Bip002 R Finger2/Bip002 R Finger21/Bip002 R Finger22","Bip002/Bip002 Pelvis/Bip002 Spine/Bip002 Spine1/Bip002 Neck/Bip002 R Clavicle/Bip002 R UpperArm/Bip002 R Forearm/Bip002 R Hand/Bip002 R Finger3","Bip002/Bip002 Pelvis/Bip002 Spine/Bip002 Spine1/Bip002 Neck/Bip002 R Clavicle/Bip002 R UpperArm/Bip002 R Forearm/Bip002 R Hand/Bip002 R Finger3/Bip002 R Finger31","Bip002/Bip002 Pelvis/Bip002 Spine/Bip002 Spine1/Bip002 Neck/Bip002 R Clavicle/Bip002 R UpperArm/Bip002 R Forearm/Bip002 R Hand/Bip002 R Finger3/Bip002 R Finger31/Bip002 R Finger32","Bip002/Bip002 Pelvis/Bip002 Spine/Bip002 Spine1/Bip002 Neck/Bip002 R Clavicle/Bip002 R UpperArm/Bip002 R Forearm/Bip002 R Hand/Bip002 R Finger4","Bip002/Bip002 Pelvis/Bip002 Spine/Bip002 Spine1/Bip002 Neck/Bip002 R Clavicle/Bip002 R UpperArm/Bip002 R Forearm/Bip002 R Hand/Bip002 R Finger4/Bip002 R Finger41","Bip002/Bip002 Pelvis/Bip002 Spine/Bip002 Spine1/Bip002 Neck/Bip002 R Clavicle/Bip002 R UpperArm/Bip002 R Forearm/Bip002 R Hand/Bip002 R Finger4/Bip002 R Finger41/Bip002 R Finger42","Bip002/Bip002 Pelvis/Bip002 Spine/Bip002 Spine1/Bip002 Neck/Bip002 Head","Bip002/Bip002 Pelvis/Bip002 Spine/Bip002 L Thigh","Bip002/Bip002 Pelvis/Bip002 Spine/Bip002 L Thigh/Bip002 L Calf","Bip002/Bip002 Pelvis/Bip002 Spine/Bip002 L Thigh/Bip002 L Calf/Bip002 L Foot","Bip002/Bip002 Pelvis/Bip002 Spine/Bip002 L Thigh/Bip002 L Calf/Bip002 L Foot/Bip002 L Toe0","Bip002/Bip002 Pelvis/Bip002 Spine/Bip002 R Thigh","Bip002/Bip002 Pelvis/Bip002 Spine/Bip002 R Thigh/Bip002 R Calf","Bip002/Bip002 Pelvis/Bip002 Spine/Bip002 R Thigh/Bip002 R Calf/Bip002 R Foot","Bip002/Bip002 Pelvis/Bip002 Spine/Bip002 R Thigh/Bip002 R Calf/Bip002 R Foot/Bip002 R Toe0"],[[[7,0.000001370906943520822,0,-1,0,0,1,0,0,1,0,0.000001370906943520822,0,-0.018384279683232307,-1.4394174814224243,-2.520313735487889e-8,1],[7,-0.0000013868001360606286,1,-0.0000027577070795814507,0,1,0.0000013868000223737909,0,0,3.824388722373229e-12,-0.0000027577070795814507,-1,0,-1.4394174814224243,-0.000001945485792020918,0.018384279683232307,1],[7,1.0916177961561857e-9,1.0000001192092896,0.0000014026936696609482,0,0.9999997019767761,-2.208607741138735e-9,0.0007963179959915578,0,0.0007963180541992188,0.0000014026924191057333,-0.9999997615814209,0,-1.6922355890274048,-2.1288762752647017e-8,0.016762293875217438,1],[7,-8.326291123239571e-8,1.0000001192092896,0.0000014052243386686314,0,0.9981539249420166,1.6845628181272332e-7,-0.060735587030649185,0,-0.060735590755939484,0.0000013975729871162912,-0.9981539845466614,0,-2.03208589553833,-3.6785644397241413e-7,0.14171460270881653,1],[7,8.556218489275125e-8,1.0000001192092896,0.0000014053661061552702,0,0.9980504512786865,-1.7310831879058242e-7,0.06241287291049957,0,0.06241287663578987,0.0000013972860415378818,-0.9980505108833313,0,-2.694465398788452,5.551611366172438e-7,-0.19107219576835632,1],[7,0.9822540283203125,0.18755564093589783,0.0000013774262015431304,0,-0.18720030784606934,0.9803928136825562,0.06153041124343872,0,0.011539025232195854,-0.06043875589966774,0.9981052875518799,0,0.24119485914707184,-2.471292495727539,-0.08715686947107315,1],[7,0.5773323774337769,0.8099624514579773,-0.10319074988365173,0,-0.8104954957962036,0.5837955474853516,0.047747764736413956,0,0.098916195333004,0.056069307029247284,0.993514895439148,0,1.6904339790344238,-1.8049393892288208,-0.00392431765794754,1],[7,0.531536877155304,0.8099625110626221,-0.2478499859571457,0,-0.7711201310157776,0.5837954878807068,0.25407981872558594,0,0.3504888117313385,0.05606932193040848,0.9348871111869812,0,1.138293743133545,-1.8049392700195312,-0.3061979115009308,1],[7,0.22052259743213654,-0.0418953076004982,0.9744818806648254,0,-0.9459825754165649,-0.2526299059391022,0.20321203768253326,0,0.23766961693763733,-0.9666554927825928,-0.09534277021884918,0,1.2930899858474731,0.6075429916381836,-1.3249390125274658,1],[7,-0.3465713560581207,0.9304307699203491,0.11910998821258545,0,-0.8218239545822144,-0.3623966574668884,0.4396296739578247,0,0.452210009098053,0.054475732147693634,0.8902463316917419,0,1.5266603231430054,-0.35380733013153076,-1.0623615980148315,1],[7,-0.3647204637527466,0.9304308295249939,0.03574734926223755,0,-0.9012053608894348,-0.3623966574668884,0.23769253492355347,0,0.23411117494106293,0.05447572469711304,0.9706823825836182,0,1.6621055603027344,-0.3538074493408203,-0.6969326734542847,1],[7,-0.366295725107193,0.9304307103157043,-0.011238742619752884,0,-0.9242193102836609,-0.36239662766456604,0.12036329507827759,0,0.10791686922311783,0.05447573587298393,0.9926661849021912,0,1.667490839958191,-0.353807270526886,-0.4874696433544159,1],[7,-0.08940479904413223,0.08982105553150177,0.9919371008872986,0,-0.9626128673553467,-0.2634757459163666,-0.06290377676486969,0,0.2557012438774109,-0.9604752659797668,0.11001893877983093,0,1.3917920589447021,0.5534547567367554,-1.0251199007034302,1],[7,-0.31633952260017395,0.08982105553150177,0.9443843364715576,0,-0.9219822883605957,-0.2634757459163666,-0.28377625346183777,0,0.2233332246541977,-0.9604752659797668,0.16616125404834747,0,1.5298596620559692,0.5534547567367554,-0.6900835037231445,1],[7,-0.5261293649673462,0.08982107043266296,0.845647931098938,0,-0.8313823342323303,-0.2634757459163666,-0.4892687201499939,0,0.17886100709438324,-0.9604753255844116,0.2132979929447174,0,1.5867183208465576,0.5534547567367554,-0.33220189809799194,1],[7,-0.2914985418319702,-0.032150253653526306,0.956031084060669,0,-0.9311684370040894,-0.2192593365907669,-0.29129138588905334,0,0.21898376941680908,-0.9751368165016174,0.033976517617702484,0,1.5764656066894531,0.5773159265518188,-0.6394287347793579,1],[7,-0.5214112401008606,-0.0321502611041069,0.8526998162269592,0,-0.828679621219635,-0.2192593216896057,-0.514990508556366,0,0.20351938903331757,-0.9751366376876831,0.08768205344676971,0,1.6311850547790527,0.5773159265518188,-0.23893189430236816,1],[7,-0.7181607484817505,-0.0321502611041069,0.6951343417167664,0,-0.6734845042228699,-0.21925930678844452,-0.7059346437454224,0,0.1751106083393097,-0.9751366972923279,0.1358107328414917,0,1.575501799583435,0.5773158669471741,0.16033077239990234,1],[7,-0.42356395721435547,-0.142218217253685,0.8946326375007629,0,-0.8965204954147339,-0.07568299770355225,-0.4364890456199646,0,0.12978509068489075,-0.9869377613067627,-0.0954449474811554,0,1.6858915090560913,0.44032081961631775,-0.346687376499176,1],[7,-0.681889533996582,-0.1422182321548462,0.7174962162971497,0,-0.7152509689331055,-0.07568300515413284,-0.6947574019432068,0,0.1531093269586563,-0.9869377613067627,-0.05011429637670517,0,1.6630570888519287,0.44032084941864014,0.1820579171180725,1],[7,-0.785188615322113,-0.142218217253685,0.602704644203186,0,-0.5984853506088257,-0.07568299770355225,-0.7975506782531738,0,0.1590406447649002,-0.9869377613067627,-0.02569011226296425,0,1.5608723163604736,0.44032081961631775,0.43006646633148193,1],[7,-0.28253182768821716,-0.21087124943733215,0.9357934594154358,0,-0.9369363784790039,-0.14856134355068207,-0.3163537383079529,0,0.2057325839996338,-0.9661588668823242,-0.15559956431388855,0,1.5727102756500244,0.5608391761779785,-0.535053014755249,1],[7,-0.4912514388561249,-0.21087126433849335,0.8451069593429565,0,-0.8383984565734863,-0.14856134355068207,-0.5244210362434387,0,0.23613545298576355,-0.9661588668823242,-0.10381311923265457,0,1.616047739982605,0.5608391165733337,-0.16588270664215088,1],[7,-0.673346221446991,-0.21087124943733215,0.7086173295974731,0,-0.694421112537384,-0.14856132864952087,-0.7040657997131348,0,0.2537402808666229,-0.9661588668823242,-0.046400200575590134,0,1.5728507041931152,0.5608391165733337,0.20330405235290527,1],[7,-0.9822540283203125,0.18755580484867096,0.0000013606623952000518,0,-0.18720030784606934,-0.9803928136825562,0.06153041869401932,0,0.011541719548404217,0.06043824553489685,0.9981052875518799,0,0.24119478464126587,2.471292495727539,-0.08715688437223434,1],[7,-0.5773321986198425,0.809962272644043,0.10319347679615021,0,-0.8104955554008484,-0.5837955474853516,0.04774776101112366,0,0.09891778230667114,-0.05607152730226517,0.9935146570205688,0,1.6904339790344238,1.8049393892288208,-0.003924310207366943,1],[7,-0.5315359234809875,0.809962272644043,0.24785253405570984,0,-0.7711201310157776,-0.583795428276062,0.25407981872558594,0,0.3504903018474579,-0.056071557104587555,0.9348864555358887,0,1.138293743133545,1.8049391508102417,-0.3061979413032532,1],[7,-0.2205219268798828,-0.04189269244670868,-0.9744821190834045,0,-0.9459825158119202,0.25262993574142456,0.20321203768253326,0,0.23767022788524628,0.9666556715965271,-0.09534011781215668,0,1.2930898666381836,-0.6075431108474731,-1.3249388933181763,1],[7,0.34657254815101624,0.93043053150177,-0.11910754442214966,0,-0.8218238353729248,0.36239659786224365,0.4396296739578247,0,0.4522090256214142,-0.0544782355427742,0.890246570110321,0,1.5266602039337158,0.353807270526886,-1.0623615980148315,1],[7,0.36472105979919434,0.93043053150177,-0.03574470058083534,0,-0.90120530128479,0.36239659786224365,0.23769252002239227,0,0.23411017656326294,-0.0544782355427742,0.9706825017929077,0,1.6621053218841553,0.353807270526886,-0.6969326138496399,1],[7,0.3662959933280945,0.93043053150177,0.011241436004638672,0,-0.9242193698883057,0.36239659786224365,0.12036330997943878,0,0.10791588574647903,-0.0544782429933548,0.9926662445068359,0,1.667490839958191,0.353807270526886,-0.48746973276138306,1],[7,0.08940549939870834,0.0898236632347107,-0.9919369220733643,0,-0.9626129865646362,0.26347577571868896,-0.06290376931428909,0,0.2557010054588318,0.9604751467704773,0.11002165824174881,0,1.3917921781539917,-0.5534548163414001,-1.0251200199127197,1],[7,0.31634020805358887,0.08982367068529129,-0.944383978843689,0,-0.9219824075698853,0.26347577571868896,-0.28377628326416016,0,0.22333240509033203,0.9604750871658325,0.1661638468503952,0,1.5298599004745483,-0.5534548163414001,-0.6900835037231445,1],[7,0.5261299014091492,0.08982367813587189,-0.845647394657135,0,-0.8313823938369751,0.26347577571868896,-0.48926877975463867,0,0.17885959148406982,0.9604750871658325,0.21330030262470245,0,1.5867183208465576,-0.5534548163414001,-0.33220183849334717,1],[7,0.2914991080760956,-0.03214762359857559,-0.9560309052467346,0,-0.9311684966087341,0.2192593663930893,-0.29129132628440857,0,0.218982994556427,0.9751369953155518,0.03397912159562111,0,1.5764654874801636,-0.5773160457611084,-0.6394286155700684,1],[7,0.5214117765426636,-0.032147619873285294,-0.8526996374130249,0,-0.8286797404289246,0.2192593663930893,-0.514990508556366,0,0.20351800322532654,0.975136935710907,0.08768437802791595,0,1.6311852931976318,-0.5773160457611084,-0.2389320731163025,1],[7,0.7181611657142639,-0.032147616147994995,-0.6951339244842529,0,-0.6734845042228699,0.2192593514919281,-0.7059346437454224,0,0.1751086711883545,0.9751368761062622,0.1358126550912857,0,1.5755016803741455,-0.5773159861564636,0.16033083200454712,1],[7,0.42356425523757935,-0.1422155499458313,-0.8946328163146973,0,-0.8965205550193787,0.07568300515413284,-0.4364890158176422,0,0.12978394329547882,0.9869382381439209,-0.0954425185918808,0,1.6858915090560913,-0.44032084941864014,-0.3466872572898865,1],[7,0.6818897724151611,-0.1422155350446701,-0.7174961566925049,0,-0.7152509093284607,0.07568301260471344,-0.6947572827339172,0,0.15310746431350708,0.9869381189346313,-0.05011233687400818,0,1.6630568504333496,-0.44032081961631775,0.1820581555366516,1],[7,0.7851889133453369,-0.1422155499458313,-0.6027045845985413,0,-0.5984854102134705,0.07568302005529404,-0.797550618648529,0,0.1590384989976883,0.9869381785392761,-0.025688474997878075,0,1.5608723163604736,-0.44032084941864014,0.43006670475006104,1],[7,0.28253236413002014,-0.21086862683296204,-0.9357938170433044,0,-0.9369363784790039,0.14856131374835968,-0.3163536787033081,0,0.2057318240404129,0.966159462928772,-0.1555970162153244,0,1.5727102756500244,-0.5608391165733337,-0.5350528955459595,1],[7,0.491252064704895,-0.21086862683296204,-0.8451071977615356,0,-0.8383985757827759,0.14856131374835968,-0.5244210362434387,0,0.2361341416835785,0.9661595225334167,-0.10381081700325012,0,1.6160478591918945,-0.5608391165733337,-0.16588258743286133,1],[7,0.6733468770980835,-0.21086861193180084,-0.7086173892021179,0,-0.694421112537384,0.14856131374835968,-0.7040657997131348,0,0.25373849272727966,0.966159462928772,-0.046398285776376724,0,1.5728504657745361,-0.560839056968689,0.20330429077148438,1],[7,1.945255371713084e-12,1,0.000001402693328600435,0,1,-6.131337435379483e-14,-0.0000013430886838250444,0,-0.0000013430887975118821,0.000001402693328600435,-1,0,-2.888314962387085,5.522846180383567e-8,-0.0108213871717453,1],[7,0.21810665726661682,-0.975469708442688,-0.029805749654769897,0,-0.9757510423660278,-0.2185426652431488,0.012210058979690075,0,-0.018424367532134056,0.026419896632432938,-0.999481201171875,0,1.3472318649291992,0.571790337562561,0.008673228323459625,1],[7,0.21658959984779358,-0.975469708442688,-0.03934269770979881,0,-0.9742766618728638,-0.2185426652431488,0.05499238520860672,0,-0.062241461127996445,0.026419896632432938,-0.9977114200592041,0,0.7258347272872925,0.571790337562561,-0.02318243309855461,1],[7,3.6823930571472374e-9,-0.9538619518280029,-0.3002457618713379,0,-1,-9.441852633074177e-9,-1.9633988657119517e-8,0,1.7617226788502194e-8,0.3002457618713379,-0.9538620114326477,0,0.22829675674438477,0.5190403461456299,0.13012763857841492,1],[7,0.3002457618713379,-0.9538619518280029,4.537702480433836e-8,0,1.9633990433476356e-8,-5.315325068977472e-8,-1,0,0.9538620114326477,0.3002457618713379,4.493066363409071e-9,0,-0.4191267192363739,0.5190403461456299,0.003736634738743305,1],[7,-0.21810691058635712,-0.9754698276519775,0.029803011566400528,0,-0.9757510423660278,0.21854281425476074,0.012210052460432053,0,-0.018423769623041153,-0.02641722373664379,-0.9994813203811646,0,1.3472318649291992,-0.5717906951904297,0.008673237636685371,1],[7,-0.21658994257450104,-0.9754698276519775,0.03933997452259064,0,-0.974276602268219,0.21854281425476074,0.054992374032735825,0,-0.06224086508154869,-0.02641722559928894,-0.9977115392684937,0,0.7258345484733582,-0.5717906355857849,-0.023182418197393417,1],[7,-3.6822247473367042e-9,-0.9538627862930298,0.3002431392669678,0,-1.0000001192092896,9.441738058058036e-9,-1.963395312998273e-8,0,1.761723922300007e-8,-0.3002431392669678,-0.9538628458976746,0,0.22829678654670715,-0.519040584564209,0.1301277130842209,1],[7,-0.3002431392669678,-0.9538627862930298,-4.537688980121857e-8,0,1.963395135362589e-8,5.3153129897509643e-8,-1.0000001192092896,0,0.9538628458976746,-0.3002431392669678,4.493189820209409e-9,0,-0.41912680864334106,-0.519040584564209,0.0037366352044045925,1]],8,8,8,8,8,8,8,8,8,8,8,8,8,8,8,8,8,8,8,8,8,8,8,8,8,8,8,8,8,8,8,8,8,8,8,8,8,8,8,8,8,8,8,8,8,8,8,8,8,8,8,8]]],0,0,[],[],[]],[[[26,[{}],[{}]]],0,0,[0],[6],[2]],[[[13,".bin",1653151907,[{"primitives":[{"primitiveMode":7,"jointMapIndex":0,"vertexBundelIndices":[0],"indexView":{"offset":149616,"length":13722,"count":6861,"stride":2}},{"primitiveMode":7,"jointMapIndex":1,"vertexBundelIndices":[1],"indexView":{"offset":192210,"length":2304,"count":1152,"stride":2}},{"primitiveMode":7,"jointMapIndex":2,"vertexBundelIndices":[2],"indexView":{"offset":286962,"length":8064,"count":4032,"stride":2}},{"primitiveMode":7,"jointMapIndex":3,"vertexBundelIndices":[3],"indexView":{"offset":421242,"length":11196,"count":5598,"stride":2}}],"vertexBundles":[{"view":{"offset":0,"length":149616,"count":2078,"stride":72},"attributes":[{"name":"a_position","format":32,"isNormalized":false},{"name":"a_normal","format":32,"isNormalized":false},{"name":"a_texCoord","format":21,"isNormalized":false},{"name":"a_tangent","format":44,"isNormalized":false},{"name":"a_joints","format":42,"isNormalized":false},{"name":"a_weights","format":44,"isNormalized":false}]},{"view":{"offset":163338,"length":28872,"count":401,"stride":72},"attributes":[{"name":"a_position","format":32,"isNormalized":false},{"name":"a_normal","format":32,"isNormalized":false},{"name":"a_texCoord","format":21,"isNormalized":false},{"name":"a_tangent","format":44,"isNormalized":false},{"name":"a_joints","format":42,"isNormalized":false},{"name":"a_weights","format":44,"isNormalized":false}]},{"view":{"offset":194514,"length":92448,"count":1284,"stride":72},"attributes":[{"name":"a_position","format":32,"isNormalized":false},{"name":"a_normal","format":32,"isNormalized":false},{"name":"a_texCoord","format":21,"isNormalized":false},{"name":"a_tangent","format":44,"isNormalized":false},{"name":"a_joints","format":42,"isNormalized":false},{"name":"a_weights","format":44,"isNormalized":false}]},{"view":{"offset":295026,"length":126216,"count":1753,"stride":72},"attributes":[{"name":"a_position","format":32,"isNormalized":false},{"name":"a_normal","format":32,"isNormalized":false},{"name":"a_texCoord","format":21,"isNormalized":false},{"name":"a_tangent","format":44,"isNormalized":false},{"name":"a_joints","format":42,"isNormalized":false},{"name":"a_weights","format":44,"isNormalized":false}]}],"jointMaps":[[0,1,2,3,5,6,7,8,9,10,11,12,13,14,15,16,24,25,26,27,31,34,37,40,44,45,48,49],[0,6,7,8,9,10,11,12,13,14,15,16,17,18,19,20,21,22,23,26,27,28,29,30,31,32,33,34,35],[0,3,7,8,25,26,27,28,29,30,31,32,33,34,35,36,37,38,39,40,41,42,44,45,46,47,48,49,50,51],[0,1,2,3,5,6,24,25,43,50,51]]},"minPosition",8,[1,-1.1286969184875488,0.0004072114825248718,-0.9644851088523865],"maxPosition",8,[1,1.1280615329742432,4.430077075958252,0.6853569149971008]]],-1],0,0,[],[],[]],[[[48,"Cocos"],[38,"Cocos",[-3,-4,-5],[[49,true,false,-2,[7,"5aYg+Mab9OFZ+Ex52C/eMv"],[9,10,11,12,13,14,15,16,17],18]],[0,"65P0UR5KpFbJAFBGFI+i+p",-1,0]],[17,"Bip002 L Hand",[-6,-7,-8,-9,-10],[0,"6eAo8NQGpB14cgEdr+7gAB",1,0],[1,0.47114282846450806,0,0],[3,-0.7817653287697258,0.1683952333366485,-0.08155837519558504,0.5948396822325442],[1,-104.63046774967047,4.477105279013093,-21.119814351765044]],[17,"Bip002 R Hand",[-11,-12,-13,-14,-15],[0,"b3cztGZqZDh7kh8gjywR0v",1,0],[1,0.4711427092552185,0,0],[3,0.7817653292447713,0.16839523343897508,0.08155836779456409,0.5948396825940029],[1,104.63046763851519,4.477105986515138,21.119813834233387]],[17,"Bip002 Spine",[-16,-17,-18],[0,"75TMIu2EtAjYXdGy6UsLb2",1,0],[1,0.252804160118103,3.5096945794066414e-7,0.0002744346857070923],[3,-0.0000020804759106072992,0.0003981590192705819,6.93676086032503e-7,0.9999999207322898],[1,-0.00023843660864713534,0.04562566412936542,0.00007939449476443857]],[40,"Bip002 Neck",[[-19,-20,[4,"Bip002 Head",-21,[0,"52BslBuGRKnoWYqzS/CdPO",1,0],[1,0.18754291534423828,0,-1.4901161193847656e-8],[3,-8.786147143705162e-14,-0.03122232576672472,-8.659632757083116e-8,0.9995124643413452],[1,-3.098357017926332e-7,-3.5783965369060278,-0.000009918369950092832]]],1,1,4],[0,"24MUr6o71FcodJLO95PSCu",1,0],[1,0.665433406829834,-4.1106318349193316e-10,0.0001481771469116211],[3,-2.669600780358255e-15,0.06157424794471617,1.7078236050205865e-7,0.9981025057527976],[1,-0.000001205021695781177,7.060355294193349,0.000019533082551195423]],[2,"Bip002",1,[-22],[0,"a0ehWD7ulMuqe7tgQjSjMq",1,0],[1,0,1.4394174814224243,0.018384279683232307],[3,0,-0.7071062745468981,0,0.707107287825834],[1,0,-89.99991789555972,0]],[39,"Bip002 Pelvis",6,[4],[0,"e1x3QQgedABJqDVwrZBEt+",1,0],[3,-0.49999930709576956,-0.49999999254917427,0.49999999254917427,0.5000007078049009],[1,0,-89.99983949055928,90]],[2,"Bip002 Spine1",4,[5],[0,"8dcOHaeqND7YcWULVUdLcz",1,0],[1,0.3447195291519165,-9.74392122543577e-10,0.0003513079136610031],[3,-2.7546581747168357e-14,-0.03077978788265575,-8.537083465802896e-8,0.999526190081026],[1,-3.011149572685769e-7,-3.5276610445001966,-0.000009778141764872751]],[2,"Bip002 L Clavicle",5,[-23],[0,"89zbuJr8ZCWKRm7EhjwB+d",1,0],[1,-0.23000192642211914,0.22659029066562653,0.028323352336883545],[3,-0.6361306084451803,-0.7690886582797952,-0.039499043019708864,-0.04775259474705402],[1,-0.0008424411902544296,172.89484678972258,79.18984857171966]],[2,"Bip002 L UpperArm",9,[-24],[0,"94kEi3w9RGMatE7SgtJSlp",1,0],[1,0.26367461681365967,0,-1.4901161193847656e-8],[3,0.03357857419689301,-0.0398420723278534,-0.37206974115274943,0.9267411700933825],[1,2.58846521639648,-3.8824087528549023,-43.81248042439644]],[2,"Bip002 L Forearm",10,[2],[0,"88H6Bh6BxPcr8gHUh42iKA",1,0],[1,0.5116827487945557,0,7.450580596923828e-9],[3,3.595055336630338e-9,-0.12936039168638325,-8.65297959901121e-9,0.9915976447444527],[1,2.802331504559222e-7,-14.8652667455545,-0.0000010365186908483014]],[2,"Bip002 L Finger0",2,[-25],[0,"cegq9+xY9Bx4MbmsL0r3Om",1,0],[1,0.06814885139465332,-0.1017833948135376,-0.06761693954467773],[3,0.6496226701202772,0.13313679220106886,-0.27934604511816163,0.6944283750719386],[1,90.00514239541948,34.12255839711849,-12.415191931135967]],[5,"Bip002 L Finger01",12,[[4,"Bip002 L Finger02",-26,[0,"31YfWMWsxOkZ3MTUCAWpNh",1,0],[1,0.07074201107025146,-1.1920928955078125e-7,0],[3,1.8324129233223919e-9,0.06414267544090939,-3.0466139086633286e-9,0.9979407383142961],[1,2.3193990135916585e-7,7.35525867313462,-3.349286975641872e-7]]],[0,"31avw1Q/BAq4N1zqJGbPVm",1,0],[1,0.07074236869812012,5.960464477539063e-8,0],[3,-6.301759601313711e-9,0.11640221704419262,1.7627159851268195e-9,0.9932021565961265],[1,-7.407319011787383e-7,13.36901877485849,1.1656190691351391e-7]],[2,"Bip002 L Finger1",2,[-27],[0,"3e7vIoAT9MnJwOu1j2FLbn",1,0],[1,0.25803840160369873,-0.07605993747711182,0.000060439109802246094],[3,0.06533004228890654,0.1550997319427988,-0.010403928164399058,0.9856813973107901],[1,7.586134386714674,17.88558687467142,-0.014012989797106726]],[5,"Bip002 L Finger11",14,[[4,"Bip002 L Finger12",-28,[0,"14dWKZKslK2qcuPdlMSpL2",1,0],[1,0.06295216083526611,-5.960464477539063e-8,5.960464477539063e-8],[3,9.683549130913256e-9,0.11640222439382181,3.0495184335786466e-9,0.993202155734758],[1,0.0000010614330943463798,13.36901962282832,4.76239647768404e-7]]],[0,"92rPWmUdZL8ZAFzO0ACJ9l",1,0],[1,0.06295228004455566,0,0],[3,-1.8788470906461414e-9,0.11640221704419262,3.4289460392435338e-9,0.9932021565961265],[1,-2.595741635394667e-7,13.369018774858489,3.651958082463327e-7]],[2,"Bip002 L Finger2",2,[-29],[0,"7eakWaIyZKibdCj0HIemsj",1,0],[1,0.2580385208129883,-0.025353312492370605,0.00002014636993408203],[3,0.0042401966213926326,0.2556978438501499,0.01738229190274643,0.9665911696840623],[1,-0.039683012266759236,29.635441592310343,2.0499966555654097]],[5,"Bip002 L Finge