{
  "ver": "1.0.2",
  "importer": "particle",
  "imported": true,
  "uuid": "86f25d5c-9de5-454f-a5f9-ee16603e6701",
  "files": [
    ".json",
    ".plist"
  ],
  "subMetas": {},
  "userData": {
    "totalParticles": 200,
    "life": 0.20000000298023224,
    "lifeVar": 0.5,
    "emissionRate": 999.999985098839,
    "duration": -1,
    "srcBlendFactor": 2,
    "dstBlendFactor": 1,
    "startColor": {
      "_val": 2740373706,
      "r": 202.705078125,
      "g": 200.9204050898552,
      "b": 86.0790990293026,
      "a": 163.19999635219574
    },
    "startColorVar": {
      "_val": 3333292005,
      "r": 229.49999392032623,
      "g": 255,
      "b": 173.40000182390213,
      "a": 198.89999270439148
    },
    "endColor": {
      "_val": 3591610797,
      "r": 173.6108449101448,
      "g": 161.9067433476448,
      "b": 19.6728515625,
      "a": 214.19999331235886
    },
    "endColorVar": {
      "_val": 3170498923,
      "r": 107.09999665617943,
      "g": 249.900004863739,
      "b": 249.900004863739,
      "a": 188.7000024318695
    },
    "startSize": 3.369999885559082,
    "startSizeVar": 50,
    "endSize": 30.31999969482422,
    "endSizeVar": 0,
    "positionType": 0,
    "sourcePos": {
      "x": 0,
      "y": 0
    },
    "posVar": {
      "x": 7,
      "y": 7
    },
    "angle": 360,
    "angleVar": 360,
    "startSpin": -47.369998931884766,
    "startSpinVar": 0,
    "endSpin": -47.369998931884766,
    "endSpinVar": -142.11000061035156,
    "emitterMode": 0,
    "gravity": {
      "x": 0.25,
      "y": 0.8600000143051147
    },
    "speed": 0,
    "speedVar": 190.7899932861328,
    "radialAccel": -671.0499877929688,
    "radialAccelVar": 65.79000091552734,
    "tangentialAccel": -92.11000061035156,
    "tangentialAccelVar": 65.79000091552734,
    "rotationIsDir": false,
    "startRadius": 0,
    "startRadiusVar": 0,
    "endRadius": 0,
    "endRadiusVar": 0,
    "rotatePerS": 0,
    "rotatePerSVar": 0,
    "spriteFrameUuid": "24c419ea-63a8-4ea1-a9d0-7fc469489bbc@f9941"
  }
}
