[1,["3004862e-868e-4b34-95cb-f185d324e081@57146","3004862e-868e-4b34-95cb-f185d324e081@c2696","20835ba4-6145-4fbc-a58a-051ce700aa3e@f9941","ebcc2a35-bfaa-49af-9796-2763feff1797","3004862e-868e-4b34-95cb-f185d324e081@3a99e","3004862e-868e-4b34-95cb-f185d324e081@438fe","3004862e-868e-4b34-95cb-f185d324e081@73b7f","3004862e-868e-4b34-95cb-f185d324e081@9292d","f12a23c4-b924-4322-a260-3d982428f1e8@f9941","28765e2f-040a-4c65-8e8c-f9d0bb79d863@6c48a","3004862e-868e-4b34-95cb-f185d324e081@d1932","28765e2f-040a-4c65-8e8c-f9d0bb79d863@f9941","544e49d6-3f05-4fa8-9a9e-091f98fc2ce8@f9941","951249e0-9f16-456d-8b85-a6ca954da16b@f9941","3004862e-868e-4b34-95cb-f185d324e081@e39f7","1baf0fc9-befa-459c-8bdd-af1a450a0319","f12a23c4-b924-4322-a260-3d982428f1e8@6c48a"],["_parent","node","_spriteFrame","_textureSource","_mesh","_skeleton","_defaultClip","_target","_normalSprite","root","data","target","_cameraComponent","_handle","scene","prefab","_hoverSprite","_pressedSprite","_disabledSprite","mainTexture","_effectAsset"],[["cc.Node",["_name","_layer","_id","_parent","_children","_lrot","_euler","_lpos","_components","_prefab","_lscale"],0,1,2,5,5,5,9,4,5],["cc.Node",["_name","_layer","_children","_prefab","_parent","_components","_lpos"],1,12,4,1,12,5],["cc.Node",["_name","_layer","_parent","_children","_lpos","_lrot","_euler","_prefab","_components"],1,1,9,5,5,5,4,2],"cc.SpriteFrame",["cc.SkeletalAnimation",["playOnLoad","_useBakedAnimation","node","_clips","_defaultClip","__prefab"],1,1,3,6,4],["cc.PrefabInfo",["fileId","root","asset"],2,1,1],["cc.SkinnedMeshRenderer",["node","_materials","lightmapSettings","_skinningRoot","_mesh","_skeleton","__prefab"],3,1,3,4,1,6,6,4],["cc.UITransform",["_name","node","_contentSize"],2,1,5],["cc.Sprite",["_sizeMode","_type","node","_spriteFrame"],1,1,6],["cc.Button",["_transition","node","_normalColor","_target","_normalSprite","clickEvents","_hoverSprite","_pressedSprite","_disabledSprite"],2,1,5,1,6,9,6,6,6],["cc.Widget",["_alignFlags","_top","_alignMode","node"],0,1],["cc.Label",["_name","_string","_actualFontSize","_fontSize","_overflow","_enableWrapText","node","_color"],-3,1,5],["cc.Camera",["_visibility","_projection","_priority","_far","_clearFlags","node","_color"],-2,1,5],["cc.Mesh",["_native","_hash","_struct"],1,11],["cc.Skeleton",["_name","_hash","_joints","_bindposes"],0,12],["cc.Prefab",[],3],["cc.CompPrefabInfo",["fileId"],2],["cc.ModelLightmapSettings",[],3],["cc.SceneAsset",["_name"],2],["cc.ClickEvent",["_componentId","handler","target"],1,1],["857abdgcIpHIZ2oM4/tfffa",["node"],3,1],["cc.PrefabLink",["node","prefab"],3,1,6],["cc.Canvas",["node","_cameraComponent"],3,1,1],["cc.Scene",["_children","_prefab","_globals"],3,2,4,4],["cc.SceneGlobals",["ambient","shadows","_skybox","fog","octree"],3,4,4,4,4,4],["cc.AmbientInfo",["_skyIllumLDR","_skyColorHDR","_skyColorLDR"],2,5,5],["cc.ShadowsInfo",[],3],["cc.SkyboxInfo",[],3],["cc.FogInfo",[],3],["cc.OctreeInfo",[],3],["cc.Slider",["node","slideEvents","_handle"],3,1,9,1],["cc.DirectionalLight",["_shadowBias","_shadowSaturation","node","_staticSettings"],1,1,4],["cc.StaticLightSettings",[],3],["cc.Material",["_name","_states","_defines","_props"],0,12]],[[5,0,1,2,2],[0,0,3,4,9,7,5,6,2],[0,0,3,4,7,5,6,2],[0,0,3,9,7,5,6,2],[0,0,3,7,5,6,2],[2,0,2,3,7,4,5,6,2],[2,0,2,3,4,5,6,2],[0,0,3,4,9,2],[0,0,3,4,2],[7,1,2,1],[0,0,3,4,9,5,6,2],[0,0,3,4,5,6,2],[0,0,3,9,5,6,2],[0,0,3,5,6,2],[16,0,2],[17,1],[7,0,1,2,2],[8,1,0,2,3,3],[19,0,1,2,3],[13,0,1,2,3],[14,0,1,2,3,4],[15,1],[0,0,4,8,9,2],[0,0,4,9,7,5,10,6,2],[0,0,4,9,7,5,6,2],[0,0,3,8,9,2],[0,0,1,4,8,7,3],[0,0,2,4,8,10,3],[0,0,1,2,4,8,7,4],[0,0,4,7,5,10,6,2],[0,0,1,3,4,8,7,3],[0,0,4,7,5,6,2],[0,0,1,3,8,3],[0,0,1,3,8,7,3],[0,0,2,3,8,3],[0,0,2,3,8,7,5,6,3],[0,0,3,8,2],[1,0,2,3,2],[1,0,2,2],[1,0,1,4,5,6,3],[2,0,1,2,8,3],[4,2,5,3,4,1],[4,0,1,2,3,4,3],[5,0,2],[6,0,6,1,2,3,4,5,1],[6,0,1,2,3,4,5,1],[18,0,2],[8,0,2,2],[9,0,1,5,2,3,4,6,7,8,2],[9,1,2,3,4,1],[10,0,1,2,3,4],[10,0,3,2],[20,0,1],[21,0,1,1],[22,0,1,1],[23,0,1,2,1],[24,0,1,2,3,4,1],[25,0,1,2,2],[26,1],[27,1],[28,1],[29,1],[30,0,1,2,1],[11,0,1,2,3,4,5,6,7,7],[11,0,1,2,3,6,7,5],[31,0,1,2,3,3],[32,1],[12,0,5,6,2],[12,1,2,3,4,0,5,6,6],[33,0,1,2,3,4]],[[[{"name":"default_scrollbar_bg","rect":{"x":0,"y":0,"width":30,"height":15},"offset":{"x":0,"y":0},"originalSize":{"width":30,"height":15},"rotated":false,"capInsets":[10,4,10,4],"packable":true}],[3],0,[0],[3],[9]],[[[19,".bin",1823113615,[{"primitives":[{"primitiveMode":7,"jointMapIndex":0,"vertexBundelIndices":[0],"indexView":{"offset":124416,"length":6912,"count":1728,"stride":4}}],"vertexBundles":[{"view":{"offset":0,"length":124416,"count":1728,"stride":72},"attributes":[{"name":"a_position","format":32,"isNormalized":false},{"name":"a_normal","format":32,"isNormalized":false},{"name":"a_texCoord","format":21,"isNormalized":false},{"name":"a_tangent","format":44,"isNormalized":false},{"name":"a_joints","format":42,"isNormalized":false},{"name":"a_weights","format":44,"isNormalized":false}]}],"jointMaps":[[0,2,3,4,5,6,7,8,9,10,11,12,13,14,15,16,17,18,19,20,21,22,23]]},"minPosition",8,[1,-12.592718124389648,-0.12174476683139801,-88.09500122070312],"maxPosition",8,[1,12.592718124389648,78.90718841552734,66.62486267089844]]],-1],0,0,[],[],[]],[[[20,"Skin-0",1172741553,["RootNode (gltf orientation matrix)/RootNode (model correction matrix)/animations.FBX/(__autogen 0)/RootNode/(__autogen 0)/_rootJoint","RootNode (gltf orientation matrix)/RootNode (model correction matrix)/animations.FBX/(__autogen 0)/RootNode/(__autogen 0)/_rootJoint/b_Root_00","RootNode (gltf orientation matrix)/RootNode (model correction matrix)/animations.FBX/(__autogen 0)/RootNode/(__autogen 0)/_rootJoint/b_Root_00/b_Hip_01","RootNode (gltf orientation matrix)/RootNode (model correction matrix)/animations.FBX/(__autogen 0)/RootNode/(__autogen 0)/_rootJoint/b_Root_00/b_Hip_01/b_Spine01_02","RootNode (gltf orientation matrix)/RootNode (model correction matrix)/animations.FBX/(__autogen 0)/RootNode/(__autogen 0)/_rootJoint/b_Root_00/b_Hip_01/b_Spine01_02/b_Spine02_03","RootNode (gltf orientation matrix)/RootNode (model correction matrix)/animations.FBX/(__autogen 0)/RootNode/(__autogen 0)/_rootJoint/b_Root_00/b_Hip_01/b_Spine01_02/b_Spine02_03/b_Neck_04","RootNode (gltf orientation matrix)/RootNode (model correction matrix)/animations.FBX/(__autogen 0)/RootNode/(__autogen 0)/_rootJoint/b_Root_00/b_Hip_01/b_Spine01_02/b_Spine02_03/b_Neck_04/b_Head_05","RootNode (gltf orientation matrix)/RootNode (model correction matrix)/animations.FBX/(__autogen 0)/RootNode/(__autogen 0)/_rootJoint/b_Root_00/b_Hip_01/b_Spine01_02/b_Spine02_03/b_RightUpperArm_06","RootNode (gltf orientation matrix)/RootNode (model correction matrix)/animations.FBX/(__autogen 0)/RootNode/(__autogen 0)/_rootJoint/b_Root_00/b_Hip_01/b_Spine01_02/b_Spine02_03/b_RightUpperArm_06/b_RightForeArm_07","RootNode (gltf orientation matrix)/RootNode (model correction matrix)/animations.FBX/(__autogen 0)/RootNode/(__autogen 0)/_rootJoint/b_Root_00/b_Hip_01/b_Spine01_02/b_Spine02_03/b_RightUpperArm_06/b_RightForeArm_07/b_RightHand_08","RootNode (gltf orientation matrix)/RootNode (model correction matrix)/animations.FBX/(__autogen 0)/RootNode/(__autogen 0)/_rootJoint/b_Root_00/b_Hip_01/b_Spine01_02/b_Spine02_03/b_LeftUpperArm_09","RootNode (gltf orientation matrix)/RootNode (model correction matrix)/animations.FBX/(__autogen 0)/RootNode/(__autogen 0)/_rootJoint/b_Root_00/b_Hip_01/b_Spine01_02/b_Spine02_03/b_LeftUpperArm_09/b_LeftForeArm_010","RootNode (gltf orientation matrix)/RootNode (model correction matrix)/animations.FBX/(__autogen 0)/RootNode/(__autogen 0)/_rootJoint/b_Root_00/b_Hip_01/b_Spine01_02/b_Spine02_03/b_LeftUpperArm_09/b_LeftForeArm_010/b_LeftHand_011","RootNode (gltf orientation matrix)/RootNode (model correction matrix)/animations.FBX/(__autogen 0)/RootNode/(__autogen 0)/_rootJoint/b_Root_00/b_Hip_01/b_Tail01_012","RootNode (gltf orientation matrix)/RootNode (model correction matrix)/animations.FBX/(__autogen 0)/RootNode/(__autogen 0)/_rootJoint/b_Root_00/b_Hip_01/b_Tail01_012/b_Tail02_013","RootNode (gltf orientation matrix)/RootNode (model correction matrix)/animations.FBX/(__autogen 0)/RootNode/(__autogen 0)/_rootJoint/b_Root_00/b_Hip_01/b_Tail01_012/b_Tail02_013/b_Tail03_014","RootNode (gltf orientation matrix)/RootNode (model correction matrix)/animations.FBX/(__autogen 0)/RootNode/(__autogen 0)/_rootJoint/b_Root_00/b_Hip_01/b_LeftLeg01_015","RootNode (gltf orientation matrix)/RootNode (model correction matrix)/animations.FBX/(__autogen 0)/RootNode/(__autogen 0)/_rootJoint/b_Root_00/b_Hip_01/b_LeftLeg01_015/b_LeftLeg02_016","RootNode (gltf orientation matrix)/RootNode (model correction matrix)/animations.FBX/(__autogen 0)/RootNode/(__autogen 0)/_rootJoint/b_Root_00/b_Hip_01/b_LeftLeg01_015/b_LeftLeg02_016/b_LeftFoot01_017","RootNode (gltf orientation matrix)/RootNode (model correction matrix)/animations.FBX/(__autogen 0)/RootNode/(__autogen 0)/_rootJoint/b_Root_00/b_Hip_01/b_LeftLeg01_015/b_LeftLeg02_016/b_LeftFoot01_017/b_LeftFoot02_018","RootNode (gltf orientation matrix)/RootNode (model correction matrix)/animations.FBX/(__autogen 0)/RootNode/(__autogen 0)/_rootJoint/b_Root_00/b_Hip_01/b_RightLeg01_019","RootNode (gltf orientation matrix)/RootNode (model correction matrix)/animations.FBX/(__autogen 0)/RootNode/(__autogen 0)/_rootJoint/b_Root_00/b_Hip_01/b_RightLeg01_019/b_RightLeg02_020","RootNode (gltf orientation matrix)/RootNode (model correction matrix)/animations.FBX/(__autogen 0)/RootNode/(__autogen 0)/_rootJoint/b_Root_00/b_Hip_01/b_RightLeg01_019/b_RightLeg02_020/b_RightFoot01_021","RootNode (gltf orientation matrix)/RootNode (model correction matrix)/animations.FBX/(__autogen 0)/RootNode/(__autogen 0)/_rootJoint/b_Root_00/b_Hip_01/b_RightLeg01_019/b_RightLeg02_020/b_RightFoot01_021/b_RightFoot02_022"],[[[7,1,0,0,0,0,1,0,0,0,0,1,0,0,0,0,1],[7,1,0,0,0,0,1,0,0,0,0,1,0,0,0,0,1],[7,1.0853934639953877e-7,-5.282821007313032e-7,-1,0,0.9347831606864929,0.3552186191082001,-8.619491609351826e-8,0,0.3552186191082001,-0.9347831606864929,5.323844902704877e-7,0,-30.636056900024414,-40.256629943847656,0.00001911086837935727,1],[7,2.105047514078251e-7,3.08924299474711e-8,-1,0,-0.05547090992331505,0.9984602332115173,1.9167977427514415e-8,0,0.9984602332115173,0.05547090992331505,2.1189427457102283e-7,0,25.197954177856445,-53.635337829589844,0.000004179833013040479,1],[7,2.114527291041668e-7,-7.030953952380514e-8,-1,0,-0.020672254264354706,0.9997862577438354,-7.466572782277581e-8,0,0.9997862577438354,0.020672254264354706,2.0995409499846573e-7,0,1.6725457906723022,-53.72603225708008,0.000006409323759726249,1],[7,1.318786928550253e-7,-1.7962099718715763e-7,-1,0,0.5611711740493774,0.8276996612548828,-7.466573492820316e-8,0,0.8276996612548828,-0.5611711740493774,2.0995410920932045e-7,0,-50.625370025634766,-29.973907470703125,0.000006335617399599869,1],[7,2.2139354882710904e-7,-6.146914444116192e-8,-1,0,-0.22588975727558136,0.9741525650024414,-1.0989092658064692e-7,0,0.9741525650024414,0.22588975727558136,2.017859657144072e-7,0,-21.502422332763672,-67.32292938232422,0.0000086438840298797,1],[7,-2.0165263237004183e-8,-1.1339813710264934e-7,-1,0,-0.9993849396705627,-0.0350661426782608,2.412929944739517e-8,0,-0.0350661426782608,0.9993849396705627,-1.1262128651878811e-7,0,49.668426513671875,-16.29187774658203,-6.967567443847656,1],[7,-2.852388725216315e-8,-1.8705286208842153e-7,-1,0,-0.9992319345474243,0.039185501635074615,2.1172219533127645e-8,0,0.039185501635074615,0.9992319345474243,-1.8802691670316563e-7,0,25.341045379638672,-18.22243309020996,-6.967566013336182,1],[7,-1.3678993582288967e-7,-8.4357559160253e-8,-1,0,-0.5431880950927734,0.8396110534667969,3.4751206356986586e-9,0,0.8396110534667969,0.5431880950927734,-1.60672357196745e-7,0,-11.331926345825195,-15.304818153381348,-6.96756649017334,1],[7,-2.0165263237004183e-8,-1.1339813710264934e-7,-1,0,-0.9993849396705627,-0.0350661426782608,2.412929944739517e-8,0,-0.0350661426782608,0.9993849396705627,-1.1262128651878811e-7,0,49.668426513671875,-16.2918758392334,6.967994689941406,1],[7,-2.852388725216315e-8,-1.8705286208842153e-7,-1,0,-0.9992319345474243,0.039185501635074615,2.1172219533127645e-8,0,0.039185501635074615,0.9992319345474243,-1.8802691670316563e-7,0,25.341045379638672,-18.222431182861328,6.967996120452881,1],[7,-1.3678993582288967e-7,-8.4357559160253e-8,-1,0,-0.5431880950927734,0.8396110534667969,3.4751206356986586e-9,0,0.8396110534667969,0.5431880950927734,-1.60672357196745e-7,0,-11.33192253112793,-15.304816246032715,6.967995643615723,1],[7,5.114792855920314e-8,-2.0169488834653748e-7,-1,0,-0.7355451583862305,-0.6774757504463196,9.902177566800674e-8,0,-0.6774757504463196,0.7355451583862305,-1.8300715964869596e-7,0,11.478936195373535,65.16262817382812,-0.000007910844033176545,1],[7,7.866687212754186e-8,-1.926355537307245e-7,-1,0,-0.6343163847923279,-0.7730736136436462,9.902177566800674e-8,0,-0.7730736136436462,0.6343163847923279,-1.8300715964869596e-7,0,-9.974800109863281,64.40140533447266,-0.000008178128155122977,1],[7,9.892103491893067e-8,-1.8306162985481933e-7,-1,0,-0.5475273132324219,-0.8367878198623657,9.902177566800674e-8,0,-0.8367878198623657,0.5475273132324219,-1.8300715964869596e-7,0,-40.94055938720703,60.349693298339844,-0.000008813943168206606,1],[7,6.619357151294025e-8,-2.857016738744278e-7,-1,0,-0.9917778372764587,0.12797166407108307,-1.0221103252661123e-7,0,0.12797166407108307,0.9917778372764587,-2.7488167120282014e-7,0,52.68433380126953,23.30620574951172,6.968001365661621,1],[7,2.8145575470261974e-7,-1.6299743776926334e-7,-1,0,-0.8106792569160461,-0.5854905247688293,-1.3273688637127634e-7,0,-0.5854905247688293,0.8106792569160461,-2.9692830594285624e-7,0,8.648280143737793,40.084716796875,6.968000411987305,1],[7,3.071762932904676e-8,-3.23792960443825e-7,-1,0,-0.9473952651023865,0.3200661540031433,-1.3273688637127634e-7,0,0.3200661540031433,0.9473952651023865,-2.969281922560185e-7,0,27.238698959350586,30.84195899963379,6.968000888824463,1],[7,-2.2167670010730944e-7,-1.5796553043401218e-7,-1,0,-0.08664672821760178,0.9962390065193176,-1.3816388388931955e-7,0,0.9962390065193176,0.08664672821760178,-2.3453021924524364e-7,0,32.84867858886719,1.8687427043914795,6.968002796173096,1],[7,6.619357151294025e-8,-2.857016738744278e-7,-1,0,-0.9917778372764587,0.12797166407108307,-1.0221103252661123e-7,0,0.12797166407108307,0.9917778372764587,-2.7488167120282014e-7,0,52.6843376159668,23.306201934814453,-6.967568397521973,1],[7,2.8145575470261974e-7,-1.6299743776926334e-7,-1,0,-0.8106792569160461,-0.5854905247688293,-1.3273688637127634e-7,0,-0.5854905247688293,0.8106792569160461,-2.9692830594285624e-7,0,8.648284912109375,40.084716796875,-6.967569351196289,1],[7,3.071762932904676e-8,-3.23792960443825e-7,-1,0,-0.9473952651023865,0.3200661540031433,-1.3273688637127634e-7,0,0.3200661540031433,0.9473952651023865,-2.969281922560185e-7,0,27.23870086669922,30.841955184936523,-6.967568874359131,1],[7,-2.2167670010730944e-7,-1.5796553043401218e-7,-1,0,-0.08664672821760178,0.9962390065193176,-1.3816388388931955e-7,0,0.9962390065193176,0.08664672821760178,-2.3453021924524364e-7,0,32.84867477416992,1.8687405586242676,-6.967566967010498,1]],8,8,8,8,8,8,8,8,8,8,8,8,8,8,8,8,8,8,8,8,8,8,8,8]]],0,0,[],[],[]],[[[21],[22,"scene",[-3],[[41,-2,[14,"40XQBTUCxT8Jp1/o9Lgh0Y"],[3,4,5,6],7]],[0,"bf4CEPZVpZAbOIxEUDmEgQ",-1,0]],[37,"(__autogen 0)",[[-4,-5,[12,"(__autogen 2)",-6,[0,"b3+elRVTFQdI3TF9jF/CZQ",1,0],[3,-0.7071067811865475,-4.6792401632183065e-24,-1.4037720489654916e-23,0.7071067811865476],[1,-89.99999999999999,-1.5166066558187088e-21,-7.583033279093544e-22]],[12,"fox1",-7,[0,"74H5igTAhVpY6QUIMwnXH3",1,0],[3,-0.7071067811865476,0,0,0.7071067811865476],[1,-90.00000000000003,0,0]]],1,1,4,4],[0,"baC9eHy9Jef4VpzOuhqoiO",1,0]],[23,"b_Hip_01",[-8,-9,-10,-11],[0,"4eEPpfhBNcMr0WlMNTKRCj",1,0],[1,0.000001690487920313899,26.748403549194336,42.93817138671875],[3,0.12769094176175547,-0.6954820192393762,-0.12769022650601444,0.6954818404254409],[1,0.44547560811042786,0.6008827686309814,0.2743886411190033],[1,0.00005818138897708456,-90.00000404908906,-20.807294528733394]],[24,"b_Spine02_03",[-12,-13,-14],[0,"d4zWEvee1YSrlMBQVC8dTE",1,0],[1,21.65575408935547,-0.000118255615234375,0.000002812903403537348],[3,4.691974336453044e-8,8.170751094106817e-10,0.017411952404281058,0.9998484004655249],[1,0.000005377421782035886,-1.501725369970581e-12,1.995363604779584]],[10,"RootNode (gltf orientation matrix)",1,[-15],[0,"01lzikVOFbIIrD5DWa2wVC",1,0],[3,-0.7071067811865475,0,0,0.7071067811865476],[1,-89.99999999999999,0,0]],[7,"RootNode (model correction matrix)",5,[-16],[0,"52w0XQXZ5YHZlDZVZWC4e3",1,0]],[10,"animations.FBX",6,[-17],[0,"2d/fePUbxTi5ucGXpAtoUd",1,0],[3,0.7071067811865475,0,0,0.7071067811865476],[1,89.99999999999999,0,0]],[7,"(__autogen 0)",7,[-18],[0,"adNr+Rf+Vfk7fAMHPCLLuu",1,0]],[7,"RootNode",8,[2],[0,"77h0+iJVxbeLsvhN/wrB8R",1,0]],[7,"_rootJoint",2,[-19],[0,"64CBbYI+NbsI9mCugIPUct",1,0]],[10,"b_Root_00",10,[3],[0,"764xycBgBbT5w6gLy6Xk5Y",1,0],[3,-0.7071080924875365,8.429365438907793e-8,2.2476616508499815e-8,0.7071054698831215],[1,-90.00021250561875,0.000008651422238363933,-0.000005008955947571677]],[1,"b_Spine01_02",3,[4],[0,"e8nReWUYtV35pZ6FhRZ98I",1,0],[1,12.850601196289062,0.000003814697265625,0.0000020315565052442253],[3,-1.3147039812678078e-7,-1.0568535699136031e-7,-0.5904157638238232,0.8070992664030262],[1,-0.00006376622706873115,-0.00006165193992379648,-72.37303523084704]],[5,"b_Neck_04",4,[[3,"b_Head_05",-20,[0,"60xcsInOxVBah9g24Vn8IB",1,0],[1,13.376960754394531,-0.0000019073486328125,1.261214492842555e-7],[3,1.6568309074341477e-8,-7.237157845637564e-9,-0.4002854151487348,0.9163905206947552],[1,0.000002071810679374613,-1.748759902848159e-12,-47.1920447359967]]],[0,"31s0GjDARV47jWwCUyvaK0",1,0],[1,25.64914321899414,-1.4210854715202004e-14,7.371272658929229e-8],[3,4.3386195325157657e-14,5.109784734884731e-14,0.3033791402826434,0.9528699267168443],[1,3.6289916258025364e-12,4.989580946728032e-12,35.321351301071985]],[1,"b_RightUpperArm_06",4,[-21],[0,"48CnFkZQJRm7cQ5cTp2XcD",1,0],[1,18.677913665771484,-4.297340393066406,6.9675750732421875],[3,0.0004673273262011562,-0.0004461484692255928,-0.7121792881110691,0.7019973248825985],[1,179.9178325831066,179.84381311480934,-89.17496220103969]],[5,"b_RightForeArm_07",14,[[3,"b_RightHand_08",-22,[0,"e0Z02pABNQS6A/7/AC8+jj",1,0],[1,19.350055694580078,-0.14598655700683594,9.5367431640625e-7],[3,-0.012037407173085126,-0.007822210013423762,0.46056232593897595,0.8875112719198196],[1,-1.4096652271980137,-0.27835825101138284,54.854897737631646]]],[0,"aftUoSDftTtZ4EyQQ5bnFd",1,0],[1,23.04512596130371,0.000003814697265625,9.5367431640625e-7],[3,3.763992788457876e-8,1.3974701164857859e-9,0.03712589977348742,0.9993105961441655],[1,0.0000043161975010995336,-1.0450853640410295e-10,4.255292651964329]],[1,"b_LeftUpperArm_09",4,[-23],[0,"94XOwOJ3ZcOpIERhsV5Pxp",1,0],[1,18.67791748046875,-4.297344207763672,-6.967987060546875],[3,0.0004972619220940174,-0.0008821923166442876,-0.7120874929914663,0.7020900061903929],[1,-177.73915709078537,-177.8509349699966,-89.18931196002592]],[5,"b_LeftForeArm_010",16,[[3,"b_LeftHand_011",-24,[0,"8eDjpjHvJQO55Sr25Zp1GX",1,0],[1,19.350051879882812,-0.14599037170410156,-4.76837158203125e-7],[3,0.016517914407215062,0.014013739873997778,0.46007557521270986,0.8876154790736097],[1,1.6333890734003924,0.9622143366905815,54.805811317567915]]],[0,"1bWOBtucRY1rYicYau2FOm",1,0],[1,23.045124053955078,0.0000019073486328125,-9.5367431640625e-7],[3,3.768074145864552e-8,1.3998966198882582e-9,0.03712589977348742,0.9993105961441655],[1,0.000004320873735616757,1.0913575573983291e-14,4.255292651964329]],[1,"b_Tail01_012",3,[-25],[0,"8fdD+3/MxYhJ+kxGb4e6d+",1,0],[1,4.2603759765625,15.958770751953125,-0.000011444091796875],[3,-1.0933178743656434e-7,3.529436335757249e-7,0.9818928940655625,0.18943691452147746],[1,-179.99995466046863,179.99997849309122,21.839850011713875]],[5,"b_Tail02_013",18,[[3,"b_Tail03_014",-26,[0,"9bC7kDwjlcnJRDqNj4iFnl",1,0],[1,24.24032211303711,0,6.358150130836293e-7],[3,1.5720265995005823e-14,2.7615485708690538e-14,-0.05383274586300795,0.9985499664377586],[1,1.9806310895949727e-12,3.2758744986869437e-12,-6.171761650750016]]],[0,"7bGaLkVJlZd7gzU71dvwJH",1,0],[1,12.411918640136719,0.00000762939453125,2.672877599252388e-7],[3,4.946589241686105e-16,7.088187193452002e-15,-0.0696171663387466,0.9975737818081244],[1,1.1419945106714033e-13,8.221914792719087e-13,-7.983997644189078]],[1,"b_LeftLeg01_015",3,[-27],[0,"c6h2l0ycZXgob2r7/E0lK+",1,0],[1,4.813770294189453,5.154018402099609,-6.968006134033203],[3,-0.000013698806467717656,-0.0001717522536398783,0.9700158833110528,-0.24304147061311185],[1,179.97791859017437,179.99284912149662,-28.13223965151685]],[1,"b_LeftLeg02_016",20,[-28],[0,"4e6tcIpUVc0rQGJHWDxJdq",1,0],[1,18.944175720214844,-0.0000019073486328125,9.5367431640625e-7],[3,6.914474526945113e-9,1.7502998197565433e-8,-0.3680437735258919,0.9298084645607511],[1,0.0000020229513886888125,0.000002957846286270233,-43.190044434663676]],[5,"b_LeftFoot01_017",21,[[3,"b_LeftFoot02_018",-29,[0,"cf8TtG+mpaIaBN3jxjbbPe",1,0],[1,15.779938697814941,0.00002288818359375,0],[3,-1.7150536874703856e-8,2.621427679423782e-8,0.547288294909024,0.8369441571906528],[1,-0.00000820267320396941,0.000008953001002173849,66.36235366519746]]],[0,"ab351AfnRUVJKNPvYl/uuN",1,0],[1,17.942811965942383,-0.000003814697265625,-4.76837158203125e-7],[3,0.00024841059264477686,0.00005089188544900964,0.4584841116647766,0.8887025683844703],[1,0.039034530150335846,-0.013575892881437053,54.578665580541006]],[1,"b_RightLeg01_019",3,[-30],[0,"8aTecWxCNfbp4sX5b9ea8P",1,0],[1,4.813777923583984,5.154026031494141,6.967563629150391],[3,-8.423567896783334e-8,5.155442246514715e-7,0.9699585942053212,-0.24327006705915213],[1,-179.99993766833632,-179.9999943185923,-28.159246180136808]],[1,"b_RightLeg02_020",23,[-31],[0,"b3H83V3odb54aQ6sOSAskq",1,0],[1,18.944183349609375,-0.0000019073486328125,9.5367431640625e-7],[3,6.929313646295666e-9,1.750577303068726e-8,-0.36804381432052874,0.9298084484131104],[1,0.0000020252807384066395,0.0000029591104235216384,-43.190049462280925]],[5,"b_RightFoot01_021",24,[[3,"b_RightFoot02_022",-32,[0,"80L6obrMhah6J9jYqxcL25",1,0],[1,15.779935836791992,0.0000209808349609375,-8.881784197001252e-16],[3,-1.7121434820800596e-8,2.6196360459276683e-8,0.547288294909024,0.8369441571906528],[1,-0.000008192909670070892,0.000008944163460850103,66.36235366519746]]],[0,"d7OEzyaVRXS6ic3majvTh4",1,0],[1,17.94281005859375,-0.00000762939453125,-4.76837158203125e-7],[3,-0.00015345455828866684,-0.00007904204501241486,0.45790937318640706,0.8889988617271033],[1,-0.019780223556477114,-1.4695136985194848e-9,54.50457136173689]],[25,"(__autogen 1)",2,[[44,-33,[14,"8byhMErcNWeKKUW3Gyq0d7"],[0],[15],1,1,2]],[0,"9f4Nb6vopYHqCjo4b1U4KW",1,0]]],0,[0,9,1,0,1,1,0,-1,5,0,-1,10,0,-2,26,0,0,2,0,0,2,0,-1,12,0,-2,18,0,-3,20,0,-4,23,0,-1,13,0,-2,14,0,-3,16,0,-1,6,0,-1,7,0,-1,8,0,-1,9,0,-1,11,0,0,13,0,-1,15,0,0,15,0,-1,17,0,0,17,0,-1,19,0,0,19,0,-1,21,0,-1,22,0,0,22,0,-1,24,0,-1,25,0,0,25,0,1,26,0,10,1,2,0,9,3,0,11,4,0,12,33],[0,0,0,0,0,0,0,0],[-1,4,5,-1,-2,-3,-4,6],[3,4,5,0,6,1,7,0]],[[[46,"SwitchAnimation"],[26,"switch",524288,[-7,-8,-9],[[9,-1,[5,100,40]],[17,1,0,-2,11],[48,2,-5,[[18,"857abdgcIpHIZ2oM4/tfffa","switch",-4]],[4,4292269782],-3,12,13,14,15],[50,1,42.422000000000025,1,-6]],[1,0,257.578,0]],[27,"scene","3dPjzLWE1DHKWwZFykQctV",[-13],[[42,true,false,-10,[3,4,5,6],7],[52,-11],[53,-12,8]],[1,0.01,0.01,0.01]],[28,"Canvas",524288,"eeTKxyH5ZMUKKrcQYFF9pp",[1,-18],[[9,-14,[5,960,640]],[54,-16,-15],[51,45,-17]],[1,480,320,1]],[55,[-19,-20,2,3],[43,"c698448f-af17-4f70-814e-a253705cef88"],[56,[57,0.78125,[2,0.2,0.5019607843137255,0.8,0.520833125],[2,0.2,0.5019607843137255,0.8,0.520833125]],[58],[59],[60],[61]]],[38,"(__autogen 0)",[[-21,-22,[13,"(__autogen 2)",-23,[3,-0.7071067811865475,-4.6792401632183065e-24,-1.4037720489654916e-23,0.7071067811865476],[1,-89.99999999999999,-1.5166066558187088e-21,-7.583033279093544e-22]],[13,"fox1",-24,[3,-0.7071067811865476,0,0,0.7071067811865476],[1,-90.00000000000003,0,0]]],1,1,4,4]],[29,"b_Hip_01",[-25,-26,-27,-28],[1,0.000001690487920313899,26.748403549194336,42.93817138671875],[3,0.12769094176175547,-0.6954820192393762,-0.12769022650601444,0.6954818404254409],[1,0.44547560811042786,0.6008827686309814,0.2743886411190033],[1,0.00005818138897708456,-90.00000404908906,-20.807294528733394]],[30,"Slider",524288,1,[-33],[[9,-29,[5,300,20]],[17,1,0,-30,10],[62,-32,[[18,"857abdgcIpHIZ2oM4/tfffa","onDurationEditBoxChange",2]],-31]],[1,0,-40,0]],[39,"Handle",524288,7,[[[9,-34,[5,32,32]],-35,[49,-37,[4,4292269782],-36,9]],4,1,4],[1,-120,0,0]],[31,"b_Spine02_03",[-38,-39,-40],[1,21.65575408935547,-0.000118255615234375,0.000002812903403537348],[3,4.691974336453044e-8,8.170751094106817e-10,0.017411952404281058,0.9998484004655249],[1,0.000005377421782035886,-1.501725369970581e-12,1.995363604779584]],[32,"Label",524288,1,[[16,"Label<UITransform>",-41,[5,100,40]],[63,"Label<Label>","切换动画",20,20,1,false,-42,[4,4278190080]]]],[33,"SliderLabel",524288,1,[[16,"SliderLabel<UITransform>",-43,[5,80,40]],[64,"SliderLabel<Label>","切换周期",20,20,-44,[4,4278190080]]],[1,-221,-40,0]],[34,"Main Light","c0y6F5f+pAvI805TdmxIjx",4,[[65,0,0.2980392156862745,-45,[66]]]],[35,"Camera","c9DMICJLFO5IeO07EPon7U",4,[[67,1820327937,-46,[4,4286073907]]],[1,0.9282361171089888,0.6942951551377834,1.4890866675966699],[3,-0.08256302556492331,0.3079825233146877,0.025610700898491025,0.9474467238644896],[1,-9.917149305169543,36.002940635407306,-0.1332923666663334]],[11,"RootNode (gltf orientation matrix)",2,[-47],[3,-0.7071067811865475,0,0,0.7071067811865476],[1,-89.99999999999999,0,0]],[8,"RootNode (model correction matrix)",14,[-48]],[11,"animations.FBX",15,[-49],[3,0.7071067811865475,0,0,0.7071067811865476],[1,89.99999999999999,0,0]],[8,"(__autogen 0)",16,[-50]],[8,"RootNode",17,[5]],[8,"_rootJoint",5,[-51]],[11,"b_Root_00",19,[6],[3,-0.7071080924875365,8.429365438907793e-8,2.2476616508499815e-8,0.7071054698831215],[1,-90.00021250561875,0.000008651422238363933,-0.000005008955947571677]],[2,"b_Spine01_02",6,[9],[1,12.850601196289062,0.000003814697265625,0.0000020315565052442253],[3,-1.3147039812678078e-7,-1.0568535699136031e-7,-0.5904157638238232,0.8070992664030262],[1,-0.00006376622706873115,-0.00006165193992379648,-72.37303523084704]],[6,"b_Neck_04",9,[[4,"b_Head_05",-52,[1,13.376960754394531,-0.0000019073486328125,1.261214492842555e-7],[3,1.6568309074341477e-8,-7.237157845637564e-9,-0.4002854151487348,0.9163905206947552],[1,0.000002071810679374613,-1.748759902848159e-12,-47.1920447359967]]],[1,25.64914321899414,-1.4210854715202004e-14,7.371272658929229e-8],[3,4.3386195325157657e-14,5.109784734884731e-14,0.3033791402826434,0.9528699267168443],[1,3.6289916258025364e-12,4.989580946728032e-12,35.321351301071985]],[2,"b_RightUpperArm_06",9,[-53],[1,18.677913665771484,-4.297340393066406,6.9675750732421875],[3,0.0004673273262011562,-0.0004461484692255928,-0.7121792881110691,0.7019973248825985],[1,179.9178325831066,179.84381311480934,-89.17496220103969]],[6,"b_RightForeArm_07",23,[[4,"b_RightHand_08",-54,[1,19.350055694580078,-0.14598655700683594,9.5367431640625e-7],[3,-0.012037407173085126,-0.007822210013423762,0.46056232593897595,0.8875112719198196],[1,-1.4096652271980137,-0.27835825101138284,54.854897737631646]]],[1,23.04512596130371,0.000003814697265625,9.5367431640625e-7],[3,3.763992788457876e-8,1.3974701164857859e-9,0.03712589977348742,0.9993105961441655],[1,0.0000043161975010995336,-1.0450853640410295e-10,4.255292651964329]],[2,"b_LeftUpperArm_09",9,[-55],[1,18.67791748046875,-4.297344207763672,-6.967987060546875],[3,0.0004972619220940174,-0.0008821923166442876,-0.7120874929914663,0.7020900061903929],[1,-177.73915709078537,-177.8509349699966,-89.18931196002592]],[6,"b_LeftForeArm_010",25,[[4,"b_LeftHand_011",-56,[1,19.350051879882812,-0.14599037170410156,-4.76837158203125e-7],[3,0.016517914407215062,0.014013739873997778,0.46007557521270986,0.8876154790736097],[1,1.6333890734003924,0.9622143366905815,54.805811317567915]]],[1,23.045124053955078,0.0000019073486328125,-9.5367431640625e-7],[3,3.768074145864552e-8,1.3998966198882582e-9,0.03712589977348742,0.9993105961441655],[1,0.000004320873735616757,1.0913575573983291e-14,4.255292651964329]],[2,"b_Tail01_012",6,[-57],[1,4.2603759765625,15.958770751953125,-0.000011444091796875],[3,-1.0933178743656434e-7,3.529436335757249e-7,0.9818928940655625,0.18943691452147746],[1,-179.99995466046863,179.99997849309122,21.839850011713875]],[6,"b_Tail02_013",27,[[4,"b_Tail03_014",-58,[1,24.24032211303711,0,6.358150130836293e-7],[3,1.5720265995005823e-14,2.7615485708690538e-14,-0.05383274586300795,0.9985499664377586],[1,1.9806310895949727e-12,3.2758744986869437e-12,-6.171761650750016]]],[1,12.411918640136719,0.00000762939453125,2.672877599252388e-7],[3,4.946589241686105e-16,7.088187193452002e-15,-0.0696171663387466,0.9975737818081244],[1,1.1419945106714033e-13,8.221914792719087e-13,-7.983997644189078]],[2,"b_LeftLeg01_015",6,[-59],[1,4.813770294189453,5.154018402099609,-6.968006134033203],[3,-0.000013698806467717656,-0.0001717522536398783,0.9700158833110528,-0.24304147061311185],[1,179.97791859017437,179.99284912149662,-28.13223965151685]],[2,"b_LeftLeg02_016",29,[-60],[1,18.944175720214844,-0.0000019073486328125,9.5367431640625e-7],[3,6.914474526945113e-9,1.7502998197565433e-8,-0.3680437735258919,0.9298084645607511],[1,0.0000020229513886888125,0.000002957846286270233,-43.190044434663676]],[6,"b_LeftFoot01_017",30,[[4,"b_LeftFoot02_018",-61,[1,15.779938697814941,0.00002288818359375,0],[3,-1.7150536874703856e-8,2.621427679423782e-8,0.547288294909024,0.8369441571906528],[1,-0.00000820267320396941,0.000008953001002173849,66.36235366519746]]],[1,17.942811965942383,-0.000003814697265625,-4.76837158203125e-7],[3,0.00024841059264477686,0.00005089188544900964,0.4584841116647766,0.8887025683844703],[1,0.039034530150335846,-0.013575892881437053,54.578665580541006]],[2,"b_RightLeg01_019",6,[-62],[1,4.813777923583984,5.154026031494141,6.967563629150391],[3,-8.423567896783334e-8,5.155442246514715e-7,0.9699585942053212,-0.24327006705915213],[1,-179.99993766833632,-179.9999943185923,-28.159246180136808]],[2,"b_RightLeg02_020",32,[-63],[1,18.944183349609375,-0.0000019073486328125,9.5367431640625e-7],[3,6.929313646295666e-9,1.750577303068726e-8,-0.36804381432052874,0.9298084484131104],[1,0.0000020252807384066395,0.0000029591104235216384,-43.190049462280925]],[6,"b_RightFoot01_021",33,[[4,"b_RightFoot02_022",-64,[1,15.779935836791992,0.0000209808349609375,-8.881784197001252e-16],[3,-1.7121434820800596e-8,2.6196360459276683e-8,0.547288294909024,0.8369441571906528],[1,-0.000008192909670070892,0.000008944163460850103,66.36235366519746]]],[1,17.94281005859375,-0.00000762939453125,-4.76837158203125e-7],[3,-0.00015345455828866684,-0.00007904204501241486,0.45790937318640706,0.8889988617271033],[1,-0.019780223556477114,-1.4695136985194848e-9,54.50457136173689]],[36,"(__autogen 1)",5,[[45,-65,[0],[15],2,1,2]]],[47,0,8],[40,"UICamera_Canvas",524288,3,[-66]],[68,0,1073741824,2000,0,42467328,37,[4,0]]],0,[0,1,1,0,1,1,0,7,1,0,11,2,0,1,1,0,1,1,0,-1,10,0,-2,7,0,-3,11,0,1,2,0,1,2,0,1,2,0,-1,14,0,1,3,0,12,38,0,1,3,0,1,3,0,-2,37,0,-1,12,0,-2,13,0,-1,19,0,-2,35,0,0,5,0,0,5,0,-1,21,0,-2,27,0,-3,29,0,-4,32,0,1,7,0,1,7,0,13,36,0,1,7,0,-1,8,0,1,8,0,-2,36,0,7,8,0,1,8,0,-1,22,0,-2,23,0,-3,25,0,1,10,0,1,10,0,1,11,0,1,11,0,1,12,0,1,13,0,-1,15,0,-1,16,0,-1,17,0,-1,18,0,-1,20,0,0,22,0,-1,24,0,0,24,0,-1,26,0,0,26,0,-1,28,0,0,28,0,-1,30,0,-1,31,0,0,31,0,-1,33,0,-1,34,0,0,34,0,1,35,0,-1,38,0,14,4,1,0,3,2,0,4,3,0,4,5,0,18,6,0,20,9,0,21,66],[0,0,0,0,0,0,0,0,0,0,0,0,0,0,0,0,36],[-1,4,5,-1,-2,-3,-4,6,15,8,2,2,8,16,17,18,2],[3,4,5,6,1,0,7,1,10,8,11,2,2,2,12,13,8]],[[[69,"fox_material",[{"rasterizerState":{"cullMode":0},"blendState":{"targets":[{}]},"depthStencilState":{}}],[{"OCCLUSION_CHANNEL":"r","ROUGHNESS_CHANNEL":"g","METALLIC_CHANNEL":"b","USE_ALBEDO_MAP":true,"USE_SKINNING":true}],[[[{"alphaThreshold":1,"occlusion":1,"roughness":1,"metallic":1,"normalStrenth":1,"normalStrength":1},"pbrScale",8,[2,1,0.58,0,1],"albedoScale",8,[2,1,1,1,1],"emissiveScale",8,[2,0,0,0,1],"mainTexture",6,0]],11]]],0,0,[0,0],[19,20],[14,15]],[[{"name":"default_radio_button_off","rect":{"x":3,"y":3,"width":26,"height":26},"offset":{"x":0,"y":0},"originalSize":{"width":32,"height":32},"rotated":false,"capInsets":[13,13,13,13],"packable":true}],[3],0,[0],[3],[16]]]]
