[1,["f12a23c4-b924-4322-a260-3d982428f1e8@f9941","28765e2f-040a-4c65-8e8c-f9d0bb79d863@f9941","28765e2f-040a-4c65-8e8c-f9d0bb79d863@6c48a","ebcc2a35-bfaa-49af-9796-2763feff1797","3004862e-868e-4b34-95cb-f185d324e081@3a99e","3004862e-868e-4b34-95cb-f185d324e081@438fe","3004862e-868e-4b34-95cb-f185d324e081@73b7f","3004862e-868e-4b34-95cb-f185d324e081@e39f7","1baf0fc9-befa-459c-8bdd-af1a450a0319","f12a23c4-b924-4322-a260-3d982428f1e8@6c48a"],["node","_parent","_spriteFrame","_textureSource","_target","_normalSprite","_cameraComponent","totalFramesLabel","labeledSliderMax","labeledSliderMin","sliderMax","sliderMin","scene","_handle","_mesh","_skeleton","clip","mainTexture","_effectAsset"],[["cc.Node",["_name","_id","_layer","_parent","_lrot","_euler","_children","_lpos","_components","_lscale"],0,1,5,5,2,5,9,5],["cc.Node",["_name","_layer","_parent","_components","_lpos","_children"],1,1,12,5,2],"cc.SpriteFrame",["cc.Node",["_name","_children","_parent","_components","_lpos"],2,12,1,2,5],["cc.UITransform",["node","__prefab","_contentSize"],3,1,4,5],["cc.Sprite",["_sizeMode","_type","node","__prefab","_spriteFrame"],1,1,4,6],["cc.Camera",["_visibility","_projection","_priority","_orthoHeight","_far","_clearFlags","node","_color"],-3,1,5],["cc.Slider",["_progress","node","__prefab","slideEvents","_handle"],2,1,4,9,1],["cc.Mesh",["_native","_hash","_struct"],1,11],["cc.Skeleton",["_name","_hash","_joints","_bindposes"],0,12],["cc.SceneAsset",["_name"],2],["cc.Node",["_name","_parent","_children","_lpos","_lrot","_euler"],2,1,9,5,5,5],["cc.CompPrefabInfo",["fileId"],2],["cc.Canvas",["node","__prefab","_cameraComponent"],3,1,4,1],["cc.Widget",["_alignFlags","node","__prefab"],2,1,4],["cda2fixBepLN48wqVoNESov",["node","sliderMin","sliderMax","labeledSliderMin","labeledSliderMax","totalFramesLabel","marks","clip"],3,1,1,1,1,1,1,9,6],["Mark",[],3],["cc.Scene",["_name","_children","_prefab","_globals"],2,2,4,4],["cc.PrefabInfo",["fileId"],2],["cc.SceneGlobals",["ambient","shadows","_skybox","fog","octree"],3,4,4,4,4,4],["cc.AmbientInfo",["_skyIllumLDR","_skyColorHDR","_skyColorLDR"],2,5,5],["cc.ShadowsInfo",["_shadowColor"],3,5],["cc.SkyboxInfo",[],3],["cc.FogInfo",["_fogColor"],3,5],["cc.OctreeInfo",[],3],["cc.Button",["node","__prefab","_normalColor","_target","_normalSprite"],3,1,4,5,1,6],["cc.Label",["_string","_actualFontSize","_fontSize","node","__prefab"],0,1,4],["cc.DirectionalLight",["_shadowBias","_shadowNear","_shadowFar","node","_staticSettings"],0,1,4],["cc.StaticLightSettings",[],3],["cc.SkinnedMeshRenderer",["node","__prefab","_materials","lightmapSettings","_skinningRoot","_mesh","_skeleton"],3,1,4,3,4,1,6,6],["cc.ModelLightmapSettings",[],3],["cc.ClickEvent",["_componentId","handler","target"],1,1],["c457eD5+XJJ/LMdYhKEG60x",["integral","node"],2,1],["cc.Material",["_name","_states","_defines","_props"],0,12]],[[12,0,2],[4,0,1,2,1],[26,0,1,2,3,4,4],[0,0,2,3,8,7,3],[0,0,3,6,7,4,5,2],[0,0,3,7,4,5,2],[11,0,1,2,3,4,5,2],[0,0,3,6,2],[0,0,3,6,4,5,2],[1,0,1,2,3,4,3],[0,0,3,4,5,2],[1,0,2,5,3,4,2],[1,0,1,2,5,3,4,3],[4,0,1],[5,1,0,2,3,4,3],[5,0,2,3,2],[25,0,1,2,3,4,1],[31,0,1,2,3],[32,0,1,2],[8,0,1,2,3],[9,0,1,2,3,4],[10,0,2],[0,0,2,1,6,8,7,4],[0,0,1,6,8,3],[0,0,6,7,4,9,5,2],[0,0,6,7,4,5,2],[0,0,1,3,8,4,5,3],[0,0,1,3,8,7,4,5,3],[0,0,3,8,2],[3,0,1,2],[3,0,2,3,4,2],[13,0,1,2,1],[14,0,1,2,2],[15,0,1,2,3,4,5,6,7,1],[16,1],[17,0,1,2,3,2],[18,0,2],[19,0,1,2,3,4,1],[20,0,1,2,2],[21,0,1],[22,1],[23,0,1],[24,1],[27,0,1,2,3,4,4],[28,1],[6,0,6,2],[6,1,2,3,4,5,0,6,7,7],[29,0,1,2,3,4,5,6,1],[30,1],[7,0,1,2,3,2],[7,0,1,2,3,4,2],[33,0,1,2,3,4]],[[[{"name":"default_scrollbar_bg","rect":{"x":0,"y":0,"width":30,"height":15},"offset":{"x":0,"y":0},"originalSize":{"width":30,"height":15},"rotated":false,"capInsets":[10,4,10,4],"packable":true}],[2],0,[0],[3],[2]],[[[19,".bin",1823113615,[{"primitives":[{"primitiveMode":7,"jointMapIndex":0,"vertexBundelIndices":[0],"indexView":{"offset":124416,"length":6912,"count":1728,"stride":4}}],"vertexBundles":[{"view":{"offset":0,"length":124416,"count":1728,"stride":72},"attributes":[{"name":"a_position","format":32,"isNormalized":false},{"name":"a_normal","format":32,"isNormalized":false},{"name":"a_texCoord","format":21,"isNormalized":false},{"name":"a_tangent","format":44,"isNormalized":false},{"name":"a_joints","format":42,"isNormalized":false},{"name":"a_weights","format":44,"isNormalized":false}]}],"jointMaps":[[0,2,3,4,5,6,7,8,9,10,11,12,13,14,15,16,17,18,19,20,21,22,23]]},"minPosition",8,[1,-12.592718124389648,-0.12174476683139801,-88.09500122070312],"maxPosition",8,[1,12.592718124389648,78.90718841552734,66.62486267089844]]],-1],0,0,[],[],[]],[[[20,"Skin-0",1172741553,["RootNode (gltf orientation matrix)/RootNode (model correction matrix)/animations.FBX/(__autogen 0)/RootNode/(__autogen 0)/_rootJoint","RootNode (gltf orientation matrix)/RootNode (model correction matrix)/animations.FBX/(__autogen 0)/RootNode/(__autogen 0)/_rootJoint/b_Root_00","RootNode (gltf orientation matrix)/RootNode (model correction matrix)/animations.FBX/(__autogen 0)/RootNode/(__autogen 0)/_rootJoint/b_Root_00/b_Hip_01","RootNode (gltf orientation matrix)/RootNode (model correction matrix)/animations.FBX/(__autogen 0)/RootNode/(__autogen 0)/_rootJoint/b_Root_00/b_Hip_01/b_Spine01_02","RootNode (gltf orientation matrix)/RootNode (model correction matrix)/animations.FBX/(__autogen 0)/RootNode/(__autogen 0)/_rootJoint/b_Root_00/b_Hip_01/b_Spine01_02/b_Spine02_03","RootNode (gltf orientation matrix)/RootNode (model correction matrix)/animations.FBX/(__autogen 0)/RootNode/(__autogen 0)/_rootJoint/b_Root_00/b_Hip_01/b_Spine01_02/b_Spine02_03/b_Neck_04","RootNode (gltf orientation matrix)/RootNode (model correction matrix)/animations.FBX/(__autogen 0)/RootNode/(__autogen 0)/_rootJoint/b_Root_00/b_Hip_01/b_Spine01_02/b_Spine02_03/b_Neck_04/b_Head_05","RootNode (gltf orientation matrix)/RootNode (model correction matrix)/animations.FBX/(__autogen 0)/RootNode/(__autogen 0)/_rootJoint/b_Root_00/b_Hip_01/b_Spine01_02/b_Spine02_03/b_RightUpperArm_06","RootNode (gltf orientation matrix)/RootNode (model correction matrix)/animations.FBX/(__autogen 0)/RootNode/(__autogen 0)/_rootJoint/b_Root_00/b_Hip_01/b_Spine01_02/b_Spine02_03/b_RightUpperArm_06/b_RightForeArm_07","RootNode (gltf orientation matrix)/RootNode (model correction matrix)/animations.FBX/(__autogen 0)/RootNode/(__autogen 0)/_rootJoint/b_Root_00/b_Hip_01/b_Spine01_02/b_Spine02_03/b_RightUpperArm_06/b_RightForeArm_07/b_RightHand_08","RootNode (gltf orientation matrix)/RootNode (model correction matrix)/animations.FBX/(__autogen 0)/RootNode/(__autogen 0)/_rootJoint/b_Root_00/b_Hip_01/b_Spine01_02/b_Spine02_03/b_LeftUpperArm_09","RootNode (gltf orientation matrix)/RootNode (model correction matrix)/animations.FBX/(__autogen 0)/RootNode/(__autogen 0)/_rootJoint/b_Root_00/b_Hip_01/b_Spine01_02/b_Spine02_03/b_LeftUpperArm_09/b_LeftForeArm_010","RootNode (gltf orientation matrix)/RootNode (model correction matrix)/animations.FBX/(__autogen 0)/RootNode/(__autogen 0)/_rootJoint/b_Root_00/b_Hip_01/b_Spine01_02/b_Spine02_03/b_LeftUpperArm_09/b_LeftForeArm_010/b_LeftHand_011","RootNode (gltf orientation matrix)/RootNode (model correction matrix)/animations.FBX/(__autogen 0)/RootNode/(__autogen 0)/_rootJoint/b_Root_00/b_Hip_01/b_Tail01_012","RootNode (gltf orientation matrix)/RootNode (model correction matrix)/animations.FBX/(__autogen 0)/RootNode/(__autogen 0)/_rootJoint/b_Root_00/b_Hip_01/b_Tail01_012/b_Tail02_013","RootNode (gltf orientation matrix)/RootNode (model correction matrix)/animations.FBX/(__autogen 0)/RootNode/(__autogen 0)/_rootJoint/b_Root_00/b_Hip_01/b_Tail01_012/b_Tail02_013/b_Tail03_014","RootNode (gltf orientation matrix)/RootNode (model correction matrix)/animations.FBX/(__autogen 0)/RootNode/(__autogen 0)/_rootJoint/b_Root_00/b_Hip_01/b_LeftLeg01_015","RootNode (gltf orientation matrix)/RootNode (model correction matrix)/animations.FBX/(__autogen 0)/RootNode/(__autogen 0)/_rootJoint/b_Root_00/b_Hip_01/b_LeftLeg01_015/b_LeftLeg02_016","RootNode (gltf orientation matrix)/RootNode (model correction matrix)/animations.FBX/(__autogen 0)/RootNode/(__autogen 0)/_rootJoint/b_Root_00/b_Hip_01/b_LeftLeg01_015/b_LeftLeg02_016/b_LeftFoot01_017","RootNode (gltf orientation matrix)/RootNode (model correction matrix)/animations.FBX/(__autogen 0)/RootNode/(__autogen 0)/_rootJoint/b_Root_00/b_Hip_01/b_LeftLeg01_015/b_LeftLeg02_016/b_LeftFoot01_017/b_LeftFoot02_018","RootNode (gltf orientation matrix)/RootNode (model correction matrix)/animations.FBX/(__autogen 0)/RootNode/(__autogen 0)/_rootJoint/b_Root_00/b_Hip_01/b_RightLeg01_019","RootNode (gltf orientation matrix)/RootNode (model correction matrix)/animations.FBX/(__autogen 0)/RootNode/(__autogen 0)/_rootJoint/b_Root_00/b_Hip_01/b_RightLeg01_019/b_RightLeg02_020","RootNode (gltf orientation matrix)/RootNode (model correction matrix)/animations.FBX/(__autogen 0)/RootNode/(__autogen 0)/_rootJoint/b_Root_00/b_Hip_01/b_RightLeg01_019/b_RightLeg02_020/b_RightFoot01_021","RootNode (gltf orientation matrix)/RootNode (model correction matrix)/animations.FBX/(__autogen 0)/RootNode/(__autogen 0)/_rootJoint/b_Root_00/b_Hip_01/b_RightLeg01_019/b_RightLeg02_020/b_RightFoot01_021/b_RightFoot02_022"],[[[7,1,0,0,0,0,1,0,0,0,0,1,0,0,0,0,1],[7,1,0,0,0,0,1,0,0,0,0,1,0,0,0,0,1],[7,1.0853934639953877e-7,-5.282821007313032e-7,-1,0,0.9347831606864929,0.3552186191082001,-8.619491609351826e-8,0,0.3552186191082001,-0.9347831606864929,5.323844902704877e-7,0,-30.636056900024414,-40.256629943847656,0.00001911086837935727,1],[7,2.105047514078251e-7,3.08924299474711e-8,-1,0,-0.05547090992331505,0.9984602332115173,1.9167977427514415e-8,0,0.9984602332115173,0.05547090992331505,2.1189427457102283e-7,0,25.197954177856445,-53.635337829589844,0.000004179833013040479,1],[7,2.114527291041668e-7,-7.030953952380514e-8,-1,0,-0.020672254264354706,0.9997862577438354,-7.466572782277581e-8,0,0.9997862577438354,0.020672254264354706,2.0995409499846573e-7,0,1.6725457906723022,-53.72603225708008,0.000006409323759726249,1],[7,1.318786928550253e-7,-1.7962099718715763e-7,-1,0,0.5611711740493774,0.8276996612548828,-7.466573492820316e-8,0,0.8276996612548828,-0.5611711740493774,2.0995410920932045e-7,0,-50.625370025634766,-29.973907470703125,0.000006335617399599869,1],[7,2.2139354882710904e-7,-6.146914444116192e-8,-1,0,-0.22588975727558136,0.9741525650024414,-1.0989092658064692e-7,0,0.9741525650024414,0.22588975727558136,2.017859657144072e-7,0,-21.502422332763672,-67.32292938232422,0.0000086438840298797,1],[7,-2.0165263237004183e-8,-1.1339813710264934e-7,-1,0,-0.9993849396705627,-0.0350661426782608,2.412929944739517e-8,0,-0.0350661426782608,0.9993849396705627,-1.1262128651878811e-7,0,49.668426513671875,-16.29187774658203,-6.967567443847656,1],[7,-2.852388725216315e-8,-1.8705286208842153e-7,-1,0,-0.9992319345474243,0.039185501635074615,2.1172219533127645e-8,0,0.039185501635074615,0.9992319345474243,-1.8802691670316563e-7,0,25.341045379638672,-18.22243309020996,-6.967566013336182,1],[7,-1.3678993582288967e-7,-8.4357559160253e-8,-1,0,-0.5431880950927734,0.8396110534667969,3.4751206356986586e-9,0,0.8396110534667969,0.5431880950927734,-1.60672357196745e-7,0,-11.331926345825195,-15.304818153381348,-6.96756649017334,1],[7,-2.0165263237004183e-8,-1.1339813710264934e-7,-1,0,-0.9993849396705627,-0.0350661426782608,2.412929944739517e-8,0,-0.0350661426782608,0.9993849396705627,-1.1262128651878811e-7,0,49.668426513671875,-16.2918758392334,6.967994689941406,1],[7,-2.852388725216315e-8,-1.8705286208842153e-7,-1,0,-0.9992319345474243,0.039185501635074615,2.1172219533127645e-8,0,0.039185501635074615,0.9992319345474243,-1.8802691670316563e-7,0,25.341045379638672,-18.222431182861328,6.967996120452881,1],[7,-1.3678993582288967e-7,-8.4357559160253e-8,-1,0,-0.5431880950927734,0.8396110534667969,3.4751206356986586e-9,0,0.8396110534667969,0.5431880950927734,-1.60672357196745e-7,0,-11.33192253112793,-15.304816246032715,6.967995643615723,1],[7,5.114792855920314e-8,-2.0169488834653748e-7,-1,0,-0.7355451583862305,-0.6774757504463196,9.902177566800674e-8,0,-0.6774757504463196,0.7355451583862305,-1.8300715964869596e-7,0,11.478936195373535,65.16262817382812,-0.000007910844033176545,1],[7,7.866687212754186e-8,-1.926355537307245e-7,-1,0,-0.6343163847923279,-0.7730736136436462,9.902177566800674e-8,0,-0.7730736136436462,0.6343163847923279,-1.8300715964869596e-7,0,-9.974800109863281,64.40140533447266,-0.000008178128155122977,1],[7,9.892103491893067e-8,-1.8306162985481933e-7,-1,0,-0.5475273132324219,-0.8367878198623657,9.902177566800674e-8,0,-0.8367878198623657,0.5475273132324219,-1.8300715964869596e-7,0,-40.94055938720703,60.349693298339844,-0.000008813943168206606,1],[7,6.619357151294025e-8,-2.857016738744278e-7,-1,0,-0.9917778372764587,0.12797166407108307,-1.0221103252661123e-7,0,0.12797166407108307,0.9917778372764587,-2.7488167120282014e-7,0,52.68433380126953,23.30620574951172,6.968001365661621,1],[7,2.8145575470261974e-7,-1.6299743776926334e-7,-1,0,-0.8106792569160461,-0.5854905247688293,-1.3273688637127634e-7,0,-0.5854905247688293,0.8106792569160461,-2.9692830594285624e-7,0,8.648280143737793,40.084716796875,6.968000411987305,1],[7,3.071762932904676e-8,-3.23792960443825e-7,-1,0,-0.9473952651023865,0.3200661540031433,-1.3273688637127634e-7,0,0.3200661540031433,0.9473952651023865,-2.969281922560185e-7,0,27.238698959350586,30.84195899963379,6.968000888824463,1],[7,-2.2167670010730944e-7,-1.5796553043401218e-7,-1,0,-0.08664672821760178,0.9962390065193176,-1.3816388388931955e-7,0,0.9962390065193176,0.08664672821760178,-2.3453021924524364e-7,0,32.84867858886719,1.8687427043914795,6.968002796173096,1],[7,6.619357151294025e-8,-2.857016738744278e-7,-1,0,-0.9917778372764587,0.12797166407108307,-1.0221103252661123e-7,0,0.12797166407108307,0.9917778372764587,-2.7488167120282014e-7,0,52.6843376159668,23.306201934814453,-6.967568397521973,1],[7,2.8145575470261974e-7,-1.6299743776926334e-7,-1,0,-0.8106792569160461,-0.5854905247688293,-1.3273688637127634e-7,0,-0.5854905247688293,0.8106792569160461,-2.9692830594285624e-7,0,8.648284912109375,40.084716796875,-6.967569351196289,1],[7,3.071762932904676e-8,-3.23792960443825e-7,-1,0,-0.9473952651023865,0.3200661540031433,-1.3273688637127634e-7,0,0.3200661540031433,0.9473952651023865,-2.969281922560185e-7,0,27.23870086669922,30.841955184936523,-6.967568874359131,1],[7,-2.2167670010730944e-7,-1.5796553043401218e-7,-1,0,-0.08664672821760178,0.9962390065193176,-1.3816388388931955e-7,0,0.9962390065193176,0.08664672821760178,-2.3453021924524364e-7,0,32.84867477416992,1.8687405586242676,-6.967566967010498,1]],8,8,8,8,8,8,8,8,8,8,8,8,8,8,8,8,8,8,8,8,8,8,8,8]]],0,0,[],[],[]],[[[21,"PlaybackRange"],[22,"Canvas",33554432,"0d2dPeik1CjZnKjDca6xcB",[-5,-6,-7,-8,-9,-10,-11,-12],[[1,-1,[0,"0dngp/9gNO34wUQjZfN/CX"],[5,960,640]],[31,-3,[0,"3f2oTdCepERZdpmIfLsrhd"],-2],[32,45,-4,[0,"e8a+bU/8dPDbbJguUzLdoF"]]],[1,480,320,0]],[23,"scene","eaGQjs6SVMk6widCEZgibs",[-19],[[33,-18,-17,-16,-15,-14,-13,[[34]],3]]],[11,"LabeledSliderMin",1,[-22,-23,-24],[[[13,-20],-21],4,1],[1,-238.988,9.451000000000022,0]],[11,"LabeledSliderMax",1,[-27,-28,-29],[[[13,-25],-26],4,1],[1,-238.988,-37.80599999999998,0]],[35,"PlaybackRange",[-30,-31,2,1],[36,"70a6f15f-9a78-48a9-93b7-223dbe5a3d5e"],[37,[38,0.78125,[2,0.2,0.5019607843137255,0.8,0.520833125],[2,0.2,0.5019607843137255,0.8,0.520833125]],[39,[4,4283190348]],[40],[41,[4,4292993505]],[42]]],[29,"(__autogen 0)",[[-32,-33,[10,"(__autogen 2)",-34,[3,-0.7071067811865475,-4.6792401632183065e-24,-1.4037720489654916e-23,0.7071067811865476],[1,-89.99999999999999,-1.5166066558187088e-21,-7.583033279093544e-22]],[10,"fox1",-35,[3,-0.7071067811865476,0,0,0.7071067811865476],[1,-90.00000000000003,0,0]]],1,1,4,4]],[24,"b_Hip_01",[-36,-37,-38,-39],[1,0.000001690487920313899,26.748403549194336,42.93817138671875],[3,0.12769094176175547,-0.6954820192393762,-0.12769022650601444,0.6954818404254409],[1,0.44547560811042786,0.6008827686309814,0.2743886411190033],[1,0.00005818138897708456,-90.00000404908906,-20.807294528733394]],[12,"Slider",33554432,3,[-43],[[[1,-40,[0,"07sDRP1gxKtb3urHSdnuDY"],[5,300,20]],[14,1,0,-41,[0,"36Am8fYc5AZodP1DolQQ0j"],7],-42],4,4,1],[1,25.654,0,0]],[12,"Slider",33554432,4,[-47],[[[1,-44,[0,"07sDRP1gxKtb3urHSdnuDY"],[5,300,20]],[14,1,0,-45,[0,"36Am8fYc5AZodP1DolQQ0j"],5],-46],4,4,1],[1,25.654,0,0]],[9,"Handle",33554432,9,[[[1,-48,[0,"13QJLCXqxP1Il0fUQIF50F"],[5,32,32]],-49,[16,-51,[0,"9eUkB/MkNDvohDk817OV44"],[4,4292269782],-50,4]],4,1,4],[1,150,0,0]],[9,"Handle",33554432,8,[[[1,-52,[0,"13QJLCXqxP1Il0fUQIF50F"],[5,32,32]],-53,[16,-55,[0,"9eUkB/MkNDvohDk817OV44"],[4,4292269782],-54,6]],4,1,4],[1,-150,0,0]],[25,"b_Spine02_03",[-56,-57,-58],[1,21.65575408935547,-0.000118255615234375,0.000002812903403537348],[3,4.691974336453044e-8,8.170751094106817e-10,0.017411952404281058,0.9998484004655249],[1,0.000005377421782035886,-1.501725369970581e-12,1.995363604779584]],[3,"Label",33554432,4,[[1,-59,[0,"c68UOAlNhN171Umca6yVvF"],[5,21.12,50.4]],[2,"To",20,20,-60,[0,"2frm37uaJHQr0AEEaYyM82"]]],[1,-220.19399999999996,0,0]],[3,"ValueLabel",33554432,4,[[1,-61,[0,"c68UOAlNhN171Umca6yVvF"],[5,33.37,50.4]],[2,"999",20,20,-62,[0,"2frm37uaJHQr0AEEaYyM82"]]],[1,211.216,0,0]],[3,"Title",33554432,1,[[1,-63,[0,"c68UOAlNhN171Umca6yVvF"],[5,145.64,50.4]],[2,"Playback Range",20,20,-64,[0,"2frm37uaJHQr0AEEaYyM82"]]],[1,-396.92199999999997,97.43700000000001,0]],[3,"Description",33554432,1,[[1,-65,[0,"c68UOAlNhN171Umca6yVvF"],[5,609.19,50.4]],[2,"This case illustrates how to specify the playback range for animation.",20,20,-66,[0,"2frm37uaJHQr0AEEaYyM82"]]],[1,-165.14699999999993,-148.523,0]],[3,"Description(zh-CN)",33554432,1,[[1,-67,[0,"c68UOAlNhN171Umca6yVvF"],[5,340,50.4]],[2,"本例阐述了如何指定动画的播放范围。",20,20,-68,[0,"2frm37uaJHQr0AEEaYyM82"]]],[1,-299.74199999999996,-192.879,0]],[3,"TotalFramesLabel",33554432,1,[[1,-69,[0,"c68UOAlNhN171Umca6yVvF"],[5,115.59,50.4]],[2,"Total Frames",20,20,-70,[0,"2frm37uaJHQr0AEEaYyM82"]]],[1,-411.947,55.90999999999997,0]],[9,"TotalFramesValue",33554432,1,[[[1,-71,[0,"c68UOAlNhN171Umca6yVvF"],[5,44.49,50.4]],-72],4,1],[1,-249.732,55.90999999999997,0]],[3,"Label",33554432,3,[[1,-73,[0,"c68UOAlNhN171Umca6yVvF"],[5,46.66,50.4]],[2,"From",20,20,-74,[0,"2frm37uaJHQr0AEEaYyM82"]]],[1,-207.42399999999998,0,0]],[3,"ValueLabel",33554432,3,[[1,-75,[0,"c68UOAlNhN171Umca6yVvF"],[5,33.37,50.4]],[2,"999",20,20,-76,[0,"2frm37uaJHQr0AEEaYyM82"]]],[1,211.216,0,0]],[26,"Main Light","c0y6F5f+pAvI805TdmxIjx",5,[[43,0.1,1,30,-77,[44]]],[3,-0.24999999999999997,-0.24999999999999997,-0.06698729810778066,0.9330127018922194],[1,-30,-30,0]],[27,"Main Camera","c9DMICJLFO5IeO07EPon7U",5,[[45,1822425087,-78]],[1,146.06719180334125,99.77466928383991,179.67926908690507],[3,-0.11721574224028415,0.3245352444934962,0.040567789867989285,0.9377054970915661],[1,-14.250340138261171,38.18096875793527,-2.713704913931598e-10]],[8,"RootNode (gltf orientation matrix)",2,[-79],[3,-0.7071067811865475,0,0,0.7071067811865476],[1,-89.99999999999999,0,0]],[7,"RootNode (model correction matrix)",24,[-80]],[8,"animations.FBX",25,[-81],[3,0.7071067811865475,0,0,0.7071067811865476],[1,89.99999999999999,0,0]],[7,"(__autogen 0)",26,[-82]],[7,"RootNode",27,[6]],[7,"_rootJoint",6,[-83]],[8,"b_Root_00",29,[7],[3,-0.7071080924875365,8.429365438907793e-8,2.2476616508499815e-8,0.7071054698831215],[1,-90.00021250561875,0.000008651422238363933,-0.000005008955947571677]],[4,"b_Spine01_02",7,[12],[1,12.850601196289062,0.000003814697265625,0.0000020315565052442253],[3,-1.3147039812678078e-7,-1.0568535699136031e-7,-0.5904157638238232,0.8070992664030262],[1,-0.00006376622706873115,-0.00006165193992379648,-72.37303523084704]],[6,"b_Neck_04",12,[[5,"b_Head_05",-84,[1,13.376960754394531,-0.0000019073486328125,1.261214492842555e-7],[3,1.6568309074341477e-8,-7.237157845637564e-9,-0.4002854151487348,0.9163905206947552],[1,0.000002071810679374613,-1.748759902848159e-12,-47.1920447359967]]],[1,25.64914321899414,-1.4210854715202004e-14,7.371272658929229e-8],[3,4.3386195325157657e-14,5.109784734884731e-14,0.3033791402826434,0.9528699267168443],[1,3.6289916258025364e-12,4.989580946728032e-12,35.321351301071985]],[4,"b_RightUpperArm_06",12,[-85],[1,18.677913665771484,-4.297340393066406,6.9675750732421875],[3,0.0004673273262011562,-0.0004461484692255928,-0.7121792881110691,0.7019973248825985],[1,179.9178325831066,179.84381311480934,-89.17496220103969]],[6,"b_RightForeArm_07",33,[[5,"b_RightHand_08",-86,[1,19.350055694580078,-0.14598655700683594,9.5367431640625e-7],[3,-0.012037407173085126,-0.007822210013423762,0.46056232593897595,0.8875112719198196],[1,-1.4096652271980137,-0.27835825101138284,54.854897737631646]]],[1,23.04512596130371,0.000003814697265625,9.5367431640625e-7],[3,3.763992788457876e-8,1.3974701164857859e-9,0.03712589977348742,0.9993105961441655],[1,0.0000043161975010995336,-1.0450853640410295e-10,4.255292651964329]],[4,"b_LeftUpperArm_09",12,[-87],[1,18.67791748046875,-4.297344207763672,-6.967987060546875],[3,0.0004972619220940174,-0.0008821923166442876,-0.7120874929914663,0.7020900061903929],[1,-177.73915709078537,-177.8509349699966,-89.18931196002592]],[6,"b_LeftForeArm_010",35,[[5,"b_LeftHand_011",-88,[1,19.350051879882812,-0.14599037170410156,-4.76837158203125e-7],[3,0.016517914407215062,0.014013739873997778,0.46007557521270986,0.8876154790736097],[1,1.6333890734003924,0.9622143366905815,54.805811317567915]]],[1,23.045124053955078,0.0000019073486328125,-9.5367431640625e-7],[3,3.768074145864552e-8,1.3998966198882582e-9,0.03712589977348742,0.9993105961441655],[1,0.000004320873735616757,1.0913575573983291e-14,4.255292651964329]],[4,"b_Tail01_012",7,[-89],[1,4.2603759765625,15.958770751953125,-0.000011444091796875],[3,-1.0933178743656434e-7,3.529436335757249e-7,0.9818928940655625,0.18943691452147746],[1,-179.99995466046863,179.99997849309122,21.839850011713875]],[6,"b_Tail02_013",37,[[5,"b_Tail03_014",-90,[1,24.24032211303711,0,6.358150130836293e-7],[3,1.5720265995005823e-14,2.7615485708690538e-14,-0.05383274586300795,0.9985499664377586],[1,1.9806310895949727e-12,3.2758744986869437e-12,-6.171761650750016]]],[1,12.411918640136719,0.00000762939453125,2.672877599252388e-7],[3,4.946589241686105e-16,7.088187193452002e-15,-0.0696171663387466,0.9975737818081244],[1,1.1419945106714033e-13,8.221914792719087e-13,-7.983997644189078]],[4,"b_LeftLeg01_015",7,[-91],[1,4.813770294189453,5.154018402099609,-6.968006134033203],[3,-0.000013698806467717656,-0.0001717522536398783,0.9700158833110528,-0.24304147061311185],[1,179.97791859017437,179.99284912149662,-28.13223965151685]],[4,"b_LeftLeg02_016",39,[-92],[1,18.944175720214844,-0.0000019073486328125,9.5367431640625e-7],[3,6.914474526945113e-9,1.7502998197565433e-8,-0.3680437735258919,0.9298084645607511],[1,0.0000020229513886888125,0.000002957846286270233,-43.190044434663676]],[6,"b_LeftFoot01_017",40,[[5,"b_LeftFoot02_018",-93,[1,15.779938697814941,0.00002288818359375,0],[3,-1.7150536874703856e-8,2.621427679423782e-8,0.547288294909024,0.8369441571906528],[1,-0.00000820267320396941,0.000008953001002173849,66.36235366519746]]],[1,17.942811965942383,-0.000003814697265625,-4.76837158203125e-7],[3,0.00024841059264477686,0.00005089188544900964,0.4584841116647766,0.8887025683844703],[1,0.039034530150335846,-0.013575892881437053,54.578665580541006]],[4,"b_RightLeg01_019",7,[-94],[1,4.813777923583984,5.154026031494141,6.967563629150391],[3,-8.423567896783334e-8,5.155442246514715e-7,0.9699585942053212,-0.24327006705915213],[1,-179.99993766833632,-179.9999943185923,-28.159246180136808]],[4,"b_RightLeg02_020",42,[-95],[1,18.944183349609375,-0.0000019073486328125,9.5367431640625e-7],[3,6.929313646295666e-9,1.750577303068726e-8,-0.36804381432052874,0.9298084484131104],[1,0.0000020252807384066395,0.0000029591104235216384,-43.190049462280925]],[6,"b_RightFoot01_021",43,[[5,"b_RightFoot02_022",-96,[1,15.779935836791992,0.0000209808349609375,-8.881784197001252e-16],[3,-1.7121434820800596e-8,2.6196360459276683e-8,0.547288294909024,0.8369441571906528],[1,-0.000008192909670070892,0.000008944163460850103,66.36235366519746]]],[1,17.94281005859375,-0.00000762939453125,-4.76837158203125e-7],[3,-0.00015345455828866684,-0.00007904204501241486,0.45790937318640706,0.8889988617271033],[1,-0.019780223556477114,-1.4695136985194848e-9,54.50457136173689]],[28,"(__autogen 1)",6,[[47,-97,[0,"8byhMErcNWeKKUW3Gyq0d7"],[0],[48],2,1,2]]],[49,0,8,[0,"d072tlidJJc4WAM3bGih0d"],[[17,"cda2fixBepLN48wqVoNESov","onSliderChanged",2]]],[30,"Camera",1,[-98],[1,0,0,1000]],[46,0,1073741824,320,2000,6,41943040,47,[4,4278190080]],[15,0,10,[0,"70944AM5hNwKBMkwzEOckA"]],[50,1,9,[0,"d072tlidJJc4WAM3bGih0d"],[[17,"cda2fixBepLN48wqVoNESov","onSliderChanged",2]],49],[18,true,4],[2,"9999",20,20,19,[0,"2frm37uaJHQr0AEEaYyM82"]],[18,true,3],[15,0,11,[0,"70944AM5hNwKBMkwzEOckA"]]],0,[0,0,1,0,6,48,0,0,1,0,0,1,0,-1,47,0,-2,3,0,-3,4,0,-4,15,0,-5,16,0,-6,17,0,-7,18,0,-8,19,0,7,52,0,8,51,0,9,53,0,10,50,0,11,46,0,0,2,0,-1,24,0,0,3,0,-2,53,0,-1,8,0,-2,20,0,-3,21,0,0,4,0,-2,51,0,-1,9,0,-2,13,0,-3,14,0,-1,22,0,-2,23,0,-1,29,0,-2,45,0,1,6,0,1,6,0,-1,31,0,-2,37,0,-3,39,0,-4,42,0,0,8,0,0,8,0,-3,46,0,-1,11,0,0,9,0,0,9,0,-3,50,0,-1,10,0,0,10,0,-2,49,0,4,10,0,0,10,0,0,11,0,-2,54,0,4,11,0,0,11,0,-1,32,0,-2,33,0,-3,35,0,0,13,0,0,13,0,0,14,0,0,14,0,0,15,0,0,15,0,0,16,0,0,16,0,0,17,0,0,17,0,0,18,0,0,18,0,0,19,0,-2,52,0,0,20,0,0,20,0,0,21,0,0,21,0,0,22,0,0,23,0,-1,25,0,-1,26,0,-1,27,0,-1,28,0,-1,30,0,1,32,0,-1,34,0,1,34,0,-1,36,0,1,36,0,-1,38,0,1,38,0,-1,40,0,-1,41,0,1,41,0,-1,43,0,-1,44,0,1,44,0,0,45,0,-1,48,0,12,5,1,1,5,2,1,5,6,1,28,7,1,30,12,1,31,46,13,54,98],[0,0,0,0,0,0,0,0,49,54],[-1,14,15,16,5,2,5,2,2,2],[3,4,5,6,0,1,0,1,0,0]],[[[51,"fox_material",[{"rasterizerState":{"cullMode":0},"blendState":{"targets":[{}]},"depthStencilState":{}}],[{"OCCLUSION_CHANNEL":"r","ROUGHNESS_CHANNEL":"g","METALLIC_CHANNEL":"b","USE_ALBEDO_MAP":true,"USE_SKINNING":true}],[[[{"alphaThreshold":1,"occlusion":1,"roughness":1,"metallic":1,"normalStrenth":1,"normalStrength":1},"pbrScale",8,[2,1,0.58,0,1],"albedoScale",8,[2,1,1,1,1],"emissiveScale",8,[2,0,0,0,1],"mainTexture",6,0]],11]]],0,0,[0,0],[17,18],[7,8]],[[{"name":"default_radio_button_off","rect":{"x":3,"y":3,"width":26,"height":26},"offset":{"x":0,"y":0},"originalSize":{"width":32,"height":32},"rotated":false,"capInsets":[13,13,13,13],"packable":true}],[2],0,[0],[3],[9]]]]
